 ver 5
1073791996	554	539	1118	2511	0	1
1	0	0	0	0
68	0	-4	-7	0
67	0	-4	-6	0
67	0	-4	-5	0
67	0	-4	-4	0
67	0	-4	-3	0
67	0	-4	-2	0
67	0	-4	-1	0
67	0	-4	0	0
67	0	-4	1	0
67	0	-4	2	0
67	0	-4	3	0
67	0	-4	4	0
67	0	-4	5	0
67	0	-4	6	0
67	0	-4	7	0
66	0	-3	-7	0
66	0	-3	7	0
66	0	-2	-7	0
66	0	-2	7	0
1856	0	-2	8	0
66	0	-1	-7	0
66	0	-1	7	0
1849	0	-1	8	0
66	0	0	-7	0
1	0	0	0	0
66	0	0	7	0
1849	0	0	8	0
66	0	1	-7	0
66	0	1	7	0
1849	0	1	8	0
66	0	2	-7	0
66	0	2	7	0
1854	0	2	8	0
66	0	3	-7	0
66	0	3	7	0
66	0	4	-7	0
66	0	4	7	0
66	0	5	-7	0
67	0	5	-6	0
67	0	5	-5	0
67	0	5	-4	0
67	0	5	-3	0
67	0	5	-2	0
67	0	5	-1	0
67	0	5	0	0
67	0	5	1	0
67	0	5	2	0
67	0	5	3	0
67	0	5	4	0
67	0	5	5	0
67	0	5	6	0
65	0	5	7	0
1247	0	-3	-6	7
1239	0	-3	-5	7
1239	0	-3	-4	7
1239	0	-3	-3	7
1239	0	-3	-2	7
1239	0	-3	-1	7
1239	0	-3	0	7
1239	0	-3	1	7
1239	0	-3	2	7
1239	0	-3	3	7
1239	0	-3	4	7
1239	0	-3	5	7
1239	0	-3	6	7
1240	0	-3	7	7
1241	0	-2	-6	7
1239	0	-2	-5	7
1239	0	-2	-4	7
1239	0	-2	-3	7
1239	0	-2	-2	7
1239	0	-2	-1	7
1239	0	-2	0	7
1239	0	-2	1	7
1239	0	-2	2	7
1239	0	-2	3	7
1239	0	-2	4	7
1239	0	-2	5	7
1239	0	-2	6	7
1240	0	-2	7	7
1241	0	-1	-6	7
1239	0	-1	-5	7
1239	0	-1	-4	7
1239	0	-1	-3	7
1239	0	-1	-2	7
1239	0	-1	-1	7
1239	0	-1	0	7
1239	0	-1	1	7
1239	0	-1	2	7
1239	0	-1	3	7
1239	0	-1	4	7
1239	0	-1	5	7
1239	0	-1	6	7
1240	0	-1	7	7
1241	0	0	-6	7
1239	0	0	-5	7
1239	0	0	-4	7
1239	0	0	-3	7
1239	0	0	-2	7
1239	0	0	-1	7
1239	0	0	0	7
1239	0	0	1	7
1239	0	0	2	7
1239	0	0	3	7
1239	0	0	4	7
1239	0	0	5	7
1239	0	0	6	7
1240	0	0	7	7
1241	0	1	-6	7
1239	0	1	-5	7
1239	0	1	-4	7
1239	0	1	-3	7
1239	0	1	-2	7
1239	0	1	-1	7
1239	0	1	0	7
1239	0	1	1	7
1239	0	1	2	7
1239	0	1	3	7
1239	0	1	4	7
1239	0	1	5	7
1239	0	1	6	7
1240	0	1	7	7
1241	0	2	-6	7
1239	0	2	-5	7
1239	0	2	-4	7
1239	0	2	-3	7
1239	0	2	-2	7
1239	0	2	-1	7
1239	0	2	0	7
1239	0	2	1	7
1239	0	2	2	7
1239	0	2	3	7
1239	0	2	4	7
1239	0	2	5	7
1239	0	2	6	7
1240	0	2	7	7
1241	0	3	-6	7
1239	0	3	-5	7
1239	0	3	-4	7
1239	0	3	-3	7
1239	0	3	-2	7
1239	0	3	-1	7
1239	0	3	0	7
1239	0	3	1	7
1239	0	3	2	7
1239	0	3	3	7
1239	0	3	4	7
1239	0	3	5	7
1239	0	3	6	7
1240	0	3	7	7
1241	0	4	-6	7
1239	0	4	-5	7
1239	0	4	-4	7
1239	0	4	-3	7
1239	0	4	-2	7
1239	0	4	-1	7
1239	0	4	0	7
1239	0	4	1	7
1239	0	4	2	7
1239	0	4	3	7
1239	0	4	4	7
1239	0	4	5	7
1239	0	4	6	7
1240	0	4	7	7
1249	0	5	-6	7
1239	0	5	-5	7
1239	0	5	-4	7
1239	0	5	-3	7
1239	0	5	-2	7
1239	0	5	-1	7
1239	0	5	0	7
1239	0	5	1	7
1239	0	5	2	7
1239	0	5	3	7
1239	0	5	4	7
1239	0	5	5	7
1239	0	5	6	7
1248	0	5	7	7
1247	0	-3	-6	27
1239	0	-3	-5	27
1239	0	-3	-4	27
1239	0	-3	-3	27
1239	0	-3	-2	27
1239	0	-3	-1	27
1239	0	-3	0	27
1239	0	-3	1	27
1239	0	-3	2	27
1239	0	-3	3	27
1239	0	-3	4	27
1239	0	-3	5	27
1239	0	-3	6	27
1246	0	-3	7	27
1242	0	-2	-6	27
1239	0	-2	-5	27
1239	0	-2	-4	27
1239	0	-2	-3	27
1239	0	-2	-2	27
1239	0	-2	-1	27
1239	0	-2	0	27
1239	0	-2	1	27
1239	0	-2	2	27
1239	0	-2	3	27
1239	0	-2	4	27
1239	0	-2	5	27
1239	0	-2	6	27
1240	0	-2	7	27
1242	0	-1	-6	27
1239	0	-1	-5	27
1239	0	-1	-4	27
1239	0	-1	-3	27
1239	0	-1	-2	27
1239	0	-1	-1	27
1239	0	-1	0	27
1239	0	-1	1	27
1239	0	-1	2	27
1239	0	-1	3	27
1239	0	-1	4	27
1239	0	-1	5	27
1239	0	-1	6	27
1240	0	-1	7	27
1242	0	0	-6	27
1239	0	0	-5	27
1239	0	0	-4	27
1239	0	0	-3	27
1239	0	0	-2	27
1239	0	0	-1	27
1239	0	0	0	27
1239	0	0	1	27
1239	0	0	2	27
1239	0	0	3	27
1239	0	0	4	27
1239	0	0	5	27
1239	0	0	6	27
1240	0	0	7	27
1242	0	1	-6	27
1239	0	1	-5	27
1239	0	1	-4	27
1239	0	1	-3	27
1239	0	1	-2	27
1239	0	1	-1	27
1239	0	1	0	27
1239	0	1	1	27
1239	0	1	2	27
1239	0	1	3	27
1239	0	1	4	27
1239	0	1	5	27
1239	0	1	6	27
1240	0	1	7	27
1242	0	2	-6	27
1239	0	2	-5	27
1239	0	2	-4	27
1239	0	2	-3	27
1239	0	2	-2	27
1239	0	2	-1	27
1239	0	2	0	27
1239	0	2	1	27
1239	0	2	2	27
1239	0	2	3	27
1239	0	2	4	27
1239	0	2	5	27
1239	0	2	6	27
1240	0	2	7	27
1239	0	3	-2	27
1239	0	3	-1	27
1239	0	3	0	27
1239	0	3	1	27
1239	0	3	2	27
1239	0	3	3	27
1239	0	3	4	27
1239	0	3	5	27
1239	0	3	6	27
1240	0	3	7	27
1239	0	4	-2	27
1239	0	4	-1	27
1239	0	4	0	27
1239	0	4	1	27
1239	0	4	2	27
1239	0	4	3	27
1239	0	4	4	27
1239	0	4	5	27
1239	0	4	6	27
1240	0	4	7	27
1249	0	5	-6	27
1239	0	5	-5	27
1239	0	5	-4	27
1239	0	5	-3	27
1239	0	5	-2	27
1239	0	5	-1	27
1239	0	5	0	27
1239	0	5	1	27
1239	0	5	2	27
1239	0	5	3	27
1239	0	5	4	27
1239	0	5	5	27
1239	0	5	6	27
1248	0	5	7	27
1216	0	-3	-6	47
1209	0	-3	-5	47
1209	0	-3	-4	47
1209	0	-3	-3	47
1209	0	-3	-2	47
1209	0	-3	-1	47
1209	0	-3	0	47
1209	0	-3	1	47
1209	0	-3	2	47
1209	0	-3	3	47
1209	0	-3	4	47
1209	0	-3	5	47
1209	0	-3	6	47
1214	0	-3	7	47
1212	0	-2	-6	47
1208	0	-2	-5	47
1208	0	-2	-4	47
1208	0	-2	-3	47
1208	0	-2	-2	47
1208	0	-2	-1	47
1208	0	-2	0	47
1208	0	-2	1	47
1208	0	-2	2	47
1208	0	-2	3	47
1208	0	-2	4	47
1208	0	-2	5	47
1208	0	-2	6	47
1210	0	-2	7	47
1212	0	-1	-6	47
1208	0	-1	-5	47
1208	0	-1	-4	47
1208	0	-1	-3	47
1208	0	-1	-2	47
1208	0	-1	-1	47
1208	0	-1	0	47
1208	0	-1	1	47
1208	0	-1	2	47
1208	0	-1	3	47
1208	0	-1	4	47
1208	0	-1	5	47
1208	0	-1	6	47
1210	0	-1	7	47
1212	0	0	-6	47
1208	0	0	-5	47
1208	0	0	-4	47
1208	0	0	-3	47
1208	0	0	-2	47
1208	0	0	-1	47
1208	0	0	0	47
1208	0	0	1	47
1208	0	0	2	47
1208	0	0	3	47
1208	0	0	4	47
1208	0	0	5	47
1208	0	0	6	47
1210	0	0	7	47
1212	0	1	-6	47
1208	0	1	-5	47
1208	0	1	-4	47
1208	0	1	-3	47
1208	0	1	-2	47
1208	0	1	-1	47
1208	0	1	0	47
1208	0	1	1	47
1208	0	1	2	47
1208	0	1	3	47
1208	0	1	4	47
1208	0	1	5	47
1208	0	1	6	47
1210	0	1	7	47
1212	0	2	-6	47
1208	0	2	-5	47
1208	0	2	-4	47
1208	0	2	-3	47
1208	0	2	-2	47
1208	0	2	-1	47
1208	0	2	0	47
1208	0	2	1	47
1208	0	2	2	47
1208	0	2	3	47
1208	0	2	4	47
1208	0	2	5	47
1208	0	2	6	47
1210	0	2	7	47
1212	0	3	-6	47
1208	0	3	-5	47
1208	0	3	-4	47
1208	0	3	-3	47
1208	0	3	-2	47
1208	0	3	-1	47
1208	0	3	0	47
1208	0	3	1	47
1208	0	3	2	47
1208	0	3	3	47
1208	0	3	4	47
1208	0	3	5	47
1208	0	3	6	47
1210	0	3	7	47
1212	0	4	-6	47
1208	0	4	-5	47
1208	0	4	-4	47
1208	0	4	-3	47
1208	0	4	-2	47
1208	0	4	-1	47
1208	0	4	0	47
1208	0	4	1	47
1208	0	4	2	47
1208	0	4	3	47
1208	0	4	4	47
1208	0	4	5	47
1208	0	4	6	47
1210	0	4	7	47
1215	0	5	-6	47
1211	0	5	-5	47
1211	0	5	-4	47
1211	0	5	-3	47
1211	0	5	-2	47
1211	0	5	-1	47
1211	0	5	0	47
1211	0	5	1	47
1211	0	5	2	47
1211	0	5	3	47
1211	0	5	4	47
1211	0	5	5	47
1211	0	5	6	47
1213	0	5	7	47
9	0	-4	-7	7
8	0	-4	-6	7
8	0	-4	-5	7
8	0	-4	-4	7
8	0	-4	-3	7
8	0	-4	-2	7
8	0	-4	-1	7
8	0	-4	0	7
8	0	-4	1	7
8	0	-4	2	7
8	0	-4	3	7
8	0	-4	4	7
8	0	-4	5	7
8	0	-4	6	7
13	0	-4	7	7
7	0	-3	-7	7
7	0	-3	7	7
7	0	-2	-7	7
7	0	-2	7	7
7	0	-1	-7	7
7	0	-1	7	7
7	0	0	-7	7
7	0	1	-7	7
7	0	2	-7	7
7	0	2	7	7
7	0	3	-7	7
1825	0	3	-6	7
1825	0	3	-5	7
1825	0	3	-4	7
1826	0	3	-3	7
7	0	3	7	7
7	0	4	-7	7
1825	0	4	-6	7
1825	0	4	-5	7
1825	0	4	-4	7
1826	0	4	-3	7
7	0	4	7	7
7	0	5	-7	7
8	0	5	-6	7
8	0	5	-5	7
8	0	5	-4	7
8	0	5	-3	7
8	0	5	-2	7
8	0	5	-1	7
8	0	5	0	7
8	0	5	1	7
8	0	5	2	7
8	0	5	3	7
8	0	5	4	7
8	0	5	5	7
8	0	5	6	7
6	0	5	7	7
9	0	-4	-7	27
8	0	-4	-6	27
8	0	-4	-5	27
8	0	-4	-4	27
8	0	-4	-3	27
8	0	-4	-2	27
8	0	-4	-1	27
8	0	-4	0	27
8	0	-4	1	27
8	0	-4	2	27
8	0	-4	3	27
8	0	-4	4	27
8	0	-4	5	27
8	0	-4	6	27
13	0	-4	7	27
7	0	-3	-7	27
7	0	-3	7	27
7	0	-2	-7	27
7	0	-2	7	27
7	0	-1	-7	27
7	0	-1	7	27
7	0	0	-7	27
7	0	0	7	27
7	0	1	-7	27
7	0	1	7	27
7	0	2	-7	27
190	0	2	-5	27
190	0	2	-4	27
190	0	2	-3	27
190	0	2	-2	27
7	0	2	7	27
7	0	3	-7	27
191	0	3	-2	27
7	0	3	7	27
7	0	4	-7	27
191	0	4	-2	27
7	0	4	7	27
12	0	5	-7	27
8	0	5	-6	27
8	0	5	-5	27
8	0	5	-4	27
8	0	5	-3	27
8	0	5	-2	27
8	0	5	-1	27
8	0	5	0	27
8	0	5	1	27
8	0	5	2	27
8	0	5	3	27
8	0	5	4	27
8	0	5	5	27
8	0	5	6	27
6	0	5	7	27
1826	0	4	-4	12
1825	0	4	-5	12
1826	0	4	-5	17
1825	0	4	-6	12
1825	0	4	-6	17
1826	0	4	-6	22
1826	0	3	-4	12
1825	0	3	-5	12
1826	0	3	-5	17
1825	0	3	-6	12
1825	0	3	-6	17
1826	0	3	-6	22
1073791610	1128	1153	1100	2509	0	1
1	0	0	0	0
68	0	-8	-8	0
67	0	-8	-7	0
67	0	-8	-6	0
67	0	-8	-5	0
67	0	-8	-4	0
67	0	-8	-3	0
67	0	-8	-2	0
67	0	-8	-1	0
67	0	-8	0	0
67	0	-8	1	0
67	0	-8	2	0
67	0	-8	3	0
67	0	-8	4	0
67	0	-8	5	0
67	0	-8	6	0
67	0	-8	7	0
67	0	-8	8	0
67	0	-8	9	0
66	0	-7	-8	0
66	0	-7	9	0
17261	0	-7	10	0
66	0	-6	-8	0
66	0	-6	9	0
17248	0	-6	10	0
66	0	-5	-8	0
66	0	-5	9	0
17248	0	-5	10	0
66	0	-4	-8	0
66	0	-4	9	0
17248	0	-4	10	0
66	0	-3	-8	0
66	0	-3	9	0
17260	0	-3	10	0
66	0	-2	-8	0
66	0	-2	9	0
66	0	-1	-8	0
66	0	-1	9	0
66	0	0	-8	0
1	0	0	0	0
66	0	0	9	0
66	0	1	-8	0
66	0	1	9	0
66	0	2	-8	0
66	0	2	9	0
66	0	3	-8	0
66	0	3	9	0
66	0	4	-8	0
66	0	4	9	0
66	0	5	-8	0
66	0	5	9	0
17261	0	5	10	0
66	0	6	-8	0
66	0	6	9	0
17248	0	6	10	0
66	0	7	-8	0
66	0	7	9	0
17248	0	7	10	0
66	0	8	-8	0
66	0	8	9	0
17260	0	8	10	0
66	0	9	-8	0
67	0	9	-7	0
67	0	9	-6	0
67	0	9	-5	0
67	0	9	-4	0
67	0	9	-3	0
67	0	9	-2	0
67	0	9	-1	0
67	0	9	0	0
67	0	9	1	0
67	0	9	2	0
67	0	9	3	0
67	0	9	4	0
67	0	9	5	0
67	0	9	6	0
67	0	9	7	0
67	0	9	8	0
65	0	9	9	0
17207	0	-7	-7	7
17207	0	-7	-6	7
17207	0	-7	-5	7
17207	0	-7	-4	7
17207	0	-7	-3	7
17207	0	-7	-2	7
17207	0	-7	-1	7
17207	0	-7	0	7
17207	0	-7	1	7
17207	0	-7	2	7
17207	0	-7	3	7
17207	0	-7	5	7
17207	0	-7	6	7
17207	0	-7	7	7
17207	0	-7	8	7
17207	0	-7	9	7
17207	0	-6	-7	7
17207	0	-6	-6	7
17207	0	-6	-5	7
17207	0	-6	-4	7
17207	0	-6	-3	7
17207	0	-6	-2	7
17207	0	-6	-1	7
17207	0	-6	0	7
17207	0	-6	1	7
17207	0	-6	2	7
17207	0	-6	3	7
17207	0	-6	4	7
17207	0	-6	5	7
17207	0	-6	6	7
17207	0	-6	7	7
17207	0	-6	8	7
17207	0	-5	-7	7
17207	0	-5	-6	7
17207	0	-5	-5	7
17207	0	-5	-4	7
17207	0	-5	-3	7
17207	0	-5	-2	7
17207	0	-5	-1	7
17207	0	-5	0	7
17207	0	-5	1	7
17207	0	-5	2	7
17207	0	-5	3	7
17207	0	-5	4	7
17207	0	-5	5	7
17207	0	-5	6	7
17207	0	-5	7	7
17207	0	-5	8	7
17207	0	-4	-7	7
17207	0	-4	-6	7
17207	0	-4	-5	7
17207	0	-4	-4	7
17207	0	-4	-3	7
17207	0	-4	-2	7
17207	0	-4	-1	7
17207	0	-4	0	7
17207	0	-4	1	7
17207	0	-4	2	7
17207	0	-4	3	7
17207	0	-4	4	7
17207	0	-4	5	7
17207	0	-4	6	7
17207	0	-4	7	7
17207	0	-4	8	7
17207	0	-3	-7	7
17207	0	-3	-6	7
17207	0	-3	-5	7
17207	0	-3	-4	7
17207	0	-3	-3	7
17207	0	-3	-2	7
17207	0	-3	-1	7
17207	0	-3	0	7
17207	0	-3	1	7
17207	0	-3	2	7
17207	0	-3	3	7
17207	0	-3	4	7
17207	0	-3	5	7
17207	0	-3	6	7
17207	0	-3	7	7
17207	0	-3	8	7
17207	0	-2	-7	7
17207	0	-2	-6	7
17207	0	-2	-5	7
17207	0	-2	-4	7
17207	0	-2	-3	7
17207	0	-2	-2	7
17207	0	-2	-1	7
17207	0	-2	0	7
17207	0	-2	1	7
17207	0	-2	2	7
17207	0	-2	3	7
17207	0	-2	4	7
17207	0	-2	5	7
17207	0	-2	6	7
17207	0	-2	7	7
17207	0	-2	8	7
17207	0	-2	9	7
17207	0	-1	-7	7
17207	0	-1	-6	7
17207	0	-1	-5	7
17207	0	-1	-4	7
17207	0	-1	-3	7
17207	0	-1	-2	7
17207	0	-1	-1	7
17207	0	-1	0	7
17207	0	-1	1	7
17207	0	-1	2	7
17207	0	-1	3	7
17207	0	-1	4	7
17207	0	-1	5	7
17207	0	-1	6	7
17207	0	-1	7	7
17207	0	-1	8	7
17207	0	-1	9	7
17207	0	0	-7	7
17207	0	0	-6	7
17207	0	0	-5	7
17207	0	0	-4	7
17207	0	0	-3	7
17207	0	0	-2	7
17207	0	0	-1	7
17207	0	0	0	7
17207	0	0	1	7
17207	0	0	2	7
17207	0	0	3	7
17207	0	0	4	7
17207	0	0	5	7
17207	0	0	6	7
17207	0	0	7	7
17207	0	0	8	7
17207	0	0	9	7
17207	0	1	-7	7
17207	0	1	-6	7
17207	0	1	-5	7
17207	0	1	-4	7
17207	0	1	-3	7
17207	0	1	-2	7
17207	0	1	-1	7
17207	0	1	0	7
17207	0	1	1	7
17207	0	1	2	7
17207	0	1	3	7
17207	0	1	4	7
17207	0	1	5	7
17207	0	1	6	7
17207	0	1	7	7
17207	0	1	8	7
17207	0	1	9	7
17207	0	2	-7	7
17207	0	2	-6	7
17207	0	2	-5	7
17207	0	2	-4	7
17207	0	2	-3	7
17207	0	2	-2	7
17207	0	2	-1	7
17207	0	2	0	7
17207	0	2	1	7
17207	0	2	2	7
17207	0	2	3	7
17207	0	2	4	7
17207	0	2	5	7
17207	0	2	6	7
17207	0	2	7	7
17207	0	2	8	7
17207	0	2	9	7
17207	0	3	-7	7
17207	0	3	-6	7
17207	0	3	-5	7
17207	0	3	-4	7
17207	0	3	-3	7
17207	0	3	-2	7
17207	0	3	-1	7
17207	0	3	0	7
17207	0	3	1	7
17207	0	3	2	7
17207	0	3	3	7
17207	0	3	4	7
17207	0	3	5	7
17207	0	3	6	7
17207	0	3	7	7
17207	0	3	8	7
17207	0	3	9	7
17207	0	4	-7	7
17207	0	4	-6	7
17207	0	4	-5	7
17207	0	4	-4	7
17207	0	4	-3	7
17207	0	4	-2	7
17207	0	4	-1	7
17207	0	4	0	7
17207	0	4	1	7
17207	0	4	2	7
17207	0	4	3	7
17207	0	4	4	7
17207	0	4	5	7
17207	0	4	6	7
17207	0	4	7	7
17207	0	4	8	7
17207	0	4	9	7
17207	0	5	-7	7
17207	0	5	-6	7
17207	0	5	-5	7
17207	0	5	-4	7
17207	0	5	-3	7
17207	0	5	-2	7
17207	0	5	-1	7
17207	0	5	0	7
17207	0	5	1	7
17207	0	5	2	7
17207	0	5	3	7
17207	0	5	4	7
17207	0	5	5	7
17207	0	5	6	7
17207	0	5	7	7
17207	0	5	8	7
17207	0	5	9	7
17207	0	6	-7	7
17207	0	6	-6	7
17207	0	6	-5	7
17207	0	6	-4	7
17207	0	6	-3	7
17207	0	6	-2	7
17207	0	6	-1	7
17207	0	6	0	7
17207	0	6	1	7
17207	0	6	2	7
17207	0	6	3	7
17207	0	6	4	7
17207	0	6	5	7
17207	0	6	6	7
17207	0	6	7	7
17207	0	6	8	7
17207	0	7	-6	7
17207	0	7	-5	7
17207	0	7	-4	7
17207	0	7	-3	7
17207	0	7	-2	7
17207	0	7	-1	7
17207	0	7	0	7
17207	0	7	1	7
17207	0	7	2	7
17207	0	7	3	7
17207	0	7	4	7
17207	0	7	5	7
17207	0	7	6	7
17207	0	7	7	7
17207	0	7	8	7
17207	0	8	-7	7
17207	0	8	-6	7
17207	0	8	-5	7
17207	0	8	-4	7
17207	0	8	-3	7
17207	0	8	-2	7
17207	0	8	-1	7
17207	0	8	0	7
17207	0	8	1	7
17207	0	8	2	7
17207	0	8	3	7
17207	0	8	4	7
17207	0	8	5	7
17207	0	8	6	7
17207	0	8	7	7
17207	0	8	8	7
12788	0	8	9	7
17207	0	9	-7	7
17207	0	9	-6	7
17207	0	9	-5	7
17207	0	9	-4	7
17207	0	9	-3	7
17207	0	9	-2	7
17207	0	9	-1	7
17207	0	9	0	7
17207	0	9	1	7
17207	0	9	2	7
17207	0	9	3	7
17207	0	9	4	7
17207	0	9	5	7
17207	0	9	6	7
17207	0	9	7	7
17207	0	9	8	7
17207	0	9	9	7
17207	0	-7	-7	27
17207	0	-7	-6	27
17207	0	-7	-5	27
17207	0	-7	-4	27
17207	0	-7	-3	27
17207	0	-7	-2	27
17207	0	-7	-1	27
17207	0	-7	0	27
17207	0	-7	1	27
17207	0	-7	2	27
17207	0	-7	3	27
17207	0	-7	4	27
17207	0	-7	5	27
17207	0	-7	6	27
17207	0	-7	7	27
17207	0	-7	8	27
17207	0	-7	9	27
17207	0	-6	-7	27
17207	0	-6	-6	27
17207	0	-6	-5	27
17207	0	-6	-4	27
17207	0	-6	-3	27
17207	0	-6	-2	27
17207	0	-6	-1	27
17207	0	-6	0	27
17207	0	-6	1	27
17207	0	-6	2	27
17207	0	-6	3	27
17207	0	-6	4	27
17207	0	-6	5	27
17207	0	-6	6	27
17207	0	-6	7	27
17207	0	-6	8	27
17207	0	-6	9	27
17207	0	-5	-7	27
17207	0	-5	-6	27
17207	0	-5	-5	27
17207	0	-5	-4	27
17207	0	-5	-3	27
17207	0	-5	-2	27
17207	0	-5	-1	27
17207	0	-5	0	27
17207	0	-5	1	27
17207	0	-5	2	27
17207	0	-5	3	27
17207	0	-5	4	27
17207	0	-5	5	27
17207	0	-5	6	27
17207	0	-5	7	27
17207	0	-5	8	27
17207	0	-5	9	27
17207	0	-4	-7	27
17207	0	-4	-6	27
17207	0	-4	-5	27
17207	0	-4	-4	27
17207	0	-4	-3	27
17207	0	-4	-2	27
17207	0	-4	-1	27
17207	0	-4	0	27
17207	0	-4	1	27
17207	0	-4	2	27
17207	0	-4	3	27
17207	0	-4	4	27
17207	0	-4	5	27
17207	0	-4	6	27
17207	0	-4	7	27
17207	0	-4	8	27
17207	0	-4	9	27
17207	0	-3	-7	27
17207	0	-3	-6	27
17207	0	-3	-5	27
17207	0	-3	-4	27
17207	0	-3	-3	27
17207	0	-3	-2	27
17207	0	-3	-1	27
17207	0	-3	0	27
17207	0	-3	1	27
17207	0	-3	2	27
17207	0	-3	3	27
17207	0	-3	4	27
17207	0	-3	5	27
17207	0	-3	6	27
17207	0	-3	7	27
17207	0	-3	8	27
17207	0	-3	9	27
17207	0	-2	-7	27
17207	0	-2	-6	27
17207	0	-2	-5	27
17207	0	-2	-4	27
17207	0	-2	-3	27
17207	0	-2	-2	27
17207	0	-2	-1	27
17207	0	-2	0	27
17207	0	-2	1	27
17207	0	-2	2	27
17207	0	-2	3	27
17207	0	-2	4	27
17207	0	-2	5	27
17207	0	-2	6	27
17207	0	-2	7	27
17207	0	-2	8	27
17207	0	-2	9	27
17207	0	-1	-7	27
17207	0	-1	-6	27
17207	0	-1	-5	27
17207	0	-1	-4	27
17207	0	-1	-3	27
17207	0	-1	-2	27
17207	0	-1	-1	27
17207	0	-1	0	27
17207	0	-1	1	27
17207	0	-1	2	27
17207	0	-1	3	27
17207	0	-1	4	27
17207	0	-1	5	27
17207	0	-1	6	27
17207	0	-1	7	27
17207	0	-1	8	27
17207	0	-1	9	27
17207	0	0	-7	27
17207	0	0	-6	27
17207	0	0	-5	27
17207	0	0	-4	27
17207	0	0	-3	27
17207	0	0	-2	27
17207	0	0	-1	27
17207	0	0	0	27
17207	0	0	1	27
17207	0	0	2	27
17207	0	0	3	27
17207	0	0	4	27
17207	0	0	5	27
17207	0	0	6	27
17207	0	0	7	27
17207	0	0	8	27
17207	0	0	9	27
17207	0	1	-7	27
17207	0	1	-6	27
17207	0	1	-5	27
17207	0	1	-4	27
17207	0	1	-3	27
17207	0	1	-2	27
17207	0	1	-1	27
17207	0	1	0	27
17207	0	1	1	27
17207	0	1	2	27
17207	0	1	3	27
17207	0	1	4	27
17207	0	1	5	27
17207	0	1	6	27
17207	0	1	7	27
17207	0	1	8	27
17207	0	1	9	27
17207	0	2	-7	27
17207	0	2	-6	27
17207	0	2	-5	27
17207	0	2	-4	27
17207	0	2	-3	27
17207	0	2	-2	27
17207	0	2	-1	27
17207	0	2	0	27
17207	0	2	1	27
17207	0	2	2	27
17207	0	2	3	27
17207	0	2	4	27
17207	0	2	5	27
17207	0	2	6	27
17207	0	2	7	27
17207	0	2	8	27
17207	0	2	9	27
17207	0	3	-7	27
17207	0	3	-6	27
17207	0	3	-5	27
17207	0	3	-4	27
17207	0	3	-3	27
17207	0	3	-2	27
17207	0	3	-1	27
17207	0	3	0	27
17207	0	3	1	27
17207	0	3	2	27
17207	0	3	3	27
17207	0	3	4	27
17207	0	3	5	27
17207	0	3	6	27
17207	0	3	7	27
17207	0	3	8	27
17207	0	3	9	27
17207	0	4	-7	27
17207	0	4	-6	27
17207	0	4	-5	27
17207	0	4	-4	27
17207	0	4	-3	27
17207	0	4	-2	27
17207	0	4	-1	27
17207	0	4	0	27
17207	0	4	1	27
17207	0	4	2	27
17207	0	4	3	27
17207	0	4	4	27
17207	0	4	5	27
17207	0	4	6	27
17207	0	4	7	27
17207	0	4	8	27
17207	0	4	9	27
17207	0	5	-7	27
17207	0	5	-6	27
17207	0	5	-5	27
17207	0	5	-4	27
17207	0	5	-3	27
17207	0	5	-2	27
17207	0	5	-1	27
17207	0	5	0	27
17207	0	5	1	27
17207	0	5	2	27
17207	0	5	3	27
17207	0	5	4	27
17207	0	5	5	27
17207	0	5	6	27
17207	0	5	7	27
17207	0	5	8	27
17207	0	5	9	27
17207	0	6	-7	27
17207	0	6	-6	27
17207	0	6	-5	27
17207	0	6	-4	27
17207	0	6	-3	27
17207	0	6	-2	27
17207	0	6	-1	27
17207	0	6	0	27
17207	0	6	1	27
17207	0	6	2	27
17207	0	6	3	27
17207	0	6	4	27
17207	0	6	5	27
17207	0	6	6	27
17207	0	6	7	27
17207	0	6	8	27
17207	0	6	9	27
17207	0	7	-6	27
17207	0	7	-5	27
17207	0	7	-4	27
17207	0	7	-3	27
17207	0	7	-2	27
17207	0	7	-1	27
17207	0	7	0	27
17207	0	7	1	27
17207	0	7	2	27
17207	0	7	3	27
17207	0	7	4	27
17207	0	7	5	27
17207	0	7	6	27
17207	0	7	7	27
17207	0	7	8	27
17207	0	7	9	27
17207	0	8	-7	27
17207	0	8	-6	27
17207	0	8	-5	27
17207	0	8	-4	27
17207	0	8	-3	27
17207	0	8	-2	27
17207	0	8	-1	27
17207	0	8	0	27
17207	0	8	1	27
17207	0	8	2	27
17207	0	8	3	27
17207	0	8	4	27
17207	0	8	5	27
17207	0	8	6	27
17207	0	8	7	27
17207	0	8	8	27
17207	0	8	9	27
17207	0	9	-7	27
17207	0	9	-6	27
17207	0	9	-5	27
17207	0	9	-4	27
17207	0	9	-3	27
17207	0	9	-2	27
17207	0	9	-1	27
17207	0	9	0	27
17207	0	9	1	27
17207	0	9	2	27
17207	0	9	3	27
17207	0	9	4	27
17207	0	9	5	27
17207	0	9	6	27
17207	0	9	7	27
17207	0	9	8	27
17207	0	9	9	27
39737	0	-7	-7	47
39737	0	-7	-6	47
39737	0	-7	-5	47
39737	0	-7	-4	47
39737	0	-7	-3	47
39737	0	-7	-2	47
39737	0	-7	-1	47
39737	0	-7	0	47
39737	0	-7	1	47
39737	0	-7	2	47
39737	0	-7	3	47
39737	0	-7	4	47
39737	0	-7	5	47
39737	0	-7	6	47
39737	0	-7	7	47
39737	0	-7	8	47
39737	0	-7	9	47
39737	0	-6	-7	47
39737	0	-6	-6	47
39737	0	-6	-5	47
39737	0	-6	-4	47
39737	0	-6	-3	47
39737	0	-6	-2	47
39737	0	-6	-1	47
39737	0	-6	0	47
39737	0	-6	1	47
39737	0	-6	2	47
39737	0	-6	3	47
39737	0	-6	4	47
39737	0	-6	5	47
39737	0	-6	6	47
39737	0	-6	7	47
39737	0	-6	8	47
39737	0	-6	9	47
39737	0	-5	-7	47
39737	0	-5	-6	47
39737	0	-5	-5	47
39737	0	-5	-4	47
39737	0	-5	-3	47
39737	0	-5	-2	47
39737	0	-5	-1	47
39737	0	-5	0	47
39737	0	-5	1	47
39737	0	-5	2	47
39737	0	-5	3	47
39737	0	-5	4	47
39737	0	-5	5	47
39737	0	-5	6	47
39737	0	-5	7	47
39737	0	-5	8	47
39737	0	-5	9	47
39737	0	-4	-7	47
39737	0	-4	-6	47
39737	0	-4	-5	47
39737	0	-4	-4	47
39737	0	-4	-3	47
39737	0	-4	-2	47
39737	0	-4	-1	47
39737	0	-4	0	47
39737	0	-4	1	47
39737	0	-4	2	47
39737	0	-4	3	47
39737	0	-4	4	47
39737	0	-4	5	47
39737	0	-4	6	47
39737	0	-4	7	47
39737	0	-4	8	47
39737	0	-4	9	47
39737	0	-3	-7	47
39737	0	-3	-6	47
39737	0	-3	-5	47
39737	0	-3	-4	47
39737	0	-3	-3	47
39737	0	-3	-2	47
39737	0	-3	-1	47
39737	0	-3	0	47
39737	0	-3	1	47
39737	0	-3	2	47
39737	0	-3	3	47
39737	0	-3	4	47
39737	0	-3	5	47
39737	0	-3	6	47
39737	0	-3	7	47
39737	0	-3	8	47
39737	0	-3	9	47
39737	0	-2	-7	47
39737	0	-2	-6	47
39737	0	-2	-5	47
39737	0	-2	-4	47
39737	0	-2	-3	47
39737	0	-2	-2	47
39737	0	-2	-1	47
39737	0	-2	0	47
39737	0	-2	1	47
39737	0	-2	2	47
39737	0	-2	3	47
39737	0	-2	4	47
39737	0	-2	5	47
39737	0	-2	6	47
39737	0	-2	7	47
39737	0	-2	8	47
39737	0	-2	9	47
39737	0	-1	-7	47
39737	0	-1	-6	47
39737	0	-1	-5	47
39737	0	-1	-4	47
39737	0	-1	-3	47
39737	0	-1	-2	47
39737	0	-1	-1	47
39737	0	-1	0	47
39737	0	-1	1	47
39737	0	-1	2	47
39737	0	-1	3	47
39737	0	-1	4	47
39737	0	-1	5	47
39737	0	-1	6	47
39737	0	-1	7	47
39737	0	-1	8	47
39737	0	-1	9	47
39737	0	0	-7	47
39737	0	0	-6	47
39737	0	0	-5	47
39737	0	0	-4	47
39737	0	0	-3	47
39737	0	0	-2	47
39737	0	0	-1	47
39737	0	0	0	47
39737	0	0	1	47
39737	0	0	2	47
39737	0	0	3	47
39737	0	0	4	47
39737	0	0	5	47
39737	0	0	6	47
39737	0	0	7	47
39737	0	0	8	47
39737	0	0	9	47
39737	0	1	-7	47
39737	0	1	-6	47
39737	0	1	-5	47
39737	0	1	-4	47
39737	0	1	-3	47
39737	0	1	-2	47
39737	0	1	-1	47
39737	0	1	0	47
39737	0	1	1	47
39737	0	1	2	47
39737	0	1	3	47
39737	0	1	4	47
39737	0	1	5	47
39737	0	1	6	47
39737	0	1	7	47
39737	0	1	8	47
39737	0	1	9	47
39737	0	2	-7	47
39737	0	2	-6	47
39737	0	2	-5	47
39737	0	2	-4	47
39737	0	2	-3	47
39737	0	2	-2	47
39737	0	2	-1	47
39737	0	2	0	47
39737	0	2	1	47
39737	0	2	2	47
39737	0	2	3	47
39737	0	2	4	47
39737	0	2	5	47
39737	0	2	6	47
39737	0	2	7	47
39737	0	2	8	47
39737	0	2	9	47
39737	0	3	-7	47
39737	0	3	-6	47
39737	0	3	-5	47
39737	0	3	-4	47
39737	0	3	-3	47
39737	0	3	-2	47
39737	0	3	-1	47
39737	0	3	0	47
39737	0	3	1	47
39737	0	3	2	47
39737	0	3	3	47
39737	0	3	4	47
39737	0	3	5	47
39737	0	3	6	47
39737	0	3	7	47
39737	0	3	8	47
39737	0	3	9	47
39737	0	4	-7	47
39737	0	4	-6	47
39737	0	4	-5	47
39737	0	4	-4	47
39737	0	4	-3	47
39737	0	4	-2	47
39737	0	4	-1	47
39737	0	4	0	47
39737	0	4	1	47
39737	0	4	2	47
39737	0	4	3	47
39737	0	4	4	47
39737	0	4	5	47
39737	0	4	6	47
39737	0	4	7	47
39737	0	4	8	47
39737	0	4	9	47
39737	0	5	-7	47
39737	0	5	-6	47
39737	0	5	-5	47
39737	0	5	-4	47
39737	0	5	-3	47
39737	0	5	-2	47
39737	0	5	-1	47
39737	0	5	0	47
39737	0	5	1	47
39737	0	5	2	47
39737	0	5	3	47
39737	0	5	4	47
39737	0	5	5	47
39737	0	5	6	47
39737	0	5	7	47
39737	0	5	8	47
39737	0	5	9	47
39737	0	6	-7	47
39737	0	6	-6	47
39737	0	6	-5	47
39737	0	6	-4	47
39737	0	6	-3	47
39737	0	6	-2	47
39737	0	6	-1	47
39737	0	6	0	47
39737	0	6	1	47
39737	0	6	2	47
39737	0	6	3	47
39737	0	6	4	47
39737	0	6	5	47
39737	0	6	6	47
39737	0	6	7	47
39737	0	6	8	47
39737	0	6	9	47
39737	0	7	-7	47
39737	0	7	-6	47
39737	0	7	-5	47
39737	0	7	-4	47
39737	0	7	-3	47
39737	0	7	-2	47
39737	0	7	-1	47
39737	0	7	0	47
39737	0	7	1	47
39737	0	7	2	47
39737	0	7	3	47
39737	0	7	4	47
39737	0	7	5	47
39737	0	7	6	47
39737	0	7	7	47
39737	0	7	8	47
39737	0	7	9	47
39737	0	8	-7	47
39737	0	8	-6	47
39737	0	8	-5	47
39737	0	8	-4	47
39737	0	8	-3	47
39737	0	8	-2	47
39737	0	8	-1	47
39737	0	8	0	47
39737	0	8	1	47
39737	0	8	2	47
39737	0	8	3	47
39737	0	8	4	47
39737	0	8	5	47
39737	0	8	6	47
39737	0	8	7	47
39737	0	8	8	47
39737	0	8	9	47
39737	0	9	-7	47
39737	0	9	-6	47
39737	0	9	-5	47
39737	0	9	-4	47
39737	0	9	-3	47
39737	0	9	-2	47
39737	0	9	-1	47
39737	0	9	0	47
39737	0	9	1	47
39737	0	9	2	47
39737	0	9	3	47
39737	0	9	4	47
39737	0	9	5	47
39737	0	9	6	47
39737	0	9	7	47
39737	0	9	8	47
39737	0	9	9	47
20775	0	-8	-8	7
20751	0	-8	-7	7
20751	0	-8	-6	7
20751	0	-8	-5	7
20751	0	-8	-4	7
20751	0	-8	-3	7
20751	0	-8	-2	7
20751	0	-8	-1	7
20751	0	-8	0	7
20751	0	-8	1	7
20751	0	-8	2	7
20751	0	-8	3	7
20751	0	-8	4	7
20751	0	-8	5	7
20751	0	-8	6	7
20751	0	-8	7	7
20751	0	-8	8	7
20751	0	-8	9	7
20759	0	-7	-8	7
20794	0	-7	3	7
20798	0	-7	8	7
20778	0	-7	9	7
20759	0	-6	-8	7
20794	0	-6	3	7
20759	0	-6	8	7
20759	0	-5	-8	7
20794	0	-5	3	7
20759	0	-5	8	7
20759	0	-4	-8	7
20794	0	-4	3	7
20759	0	-4	8	7
20759	0	-3	-8	7
20794	0	-3	3	7
20751	0	-3	4	7
20751	0	-3	6	7
20751	0	-3	7	7
20778	0	-3	8	7
20797	0	-3	9	7
20759	0	-2	-8	7
20759	0	-2	9	7
20759	0	-1	-8	7
20759	0	-1	9	7
20759	0	0	-8	7
20759	0	0	9	7
20759	0	1	-8	7
20759	0	1	9	7
20759	0	2	-8	7
20759	0	2	9	7
20759	0	3	-8	7
20759	0	3	9	7
20759	0	4	-8	7
20759	0	4	9	7
20759	0	5	-8	7
20798	0	5	8	7
20778	0	5	9	7
20759	0	6	-8	7
20759	0	6	8	7
20759	0	7	-8	7
20759	0	7	8	7
20759	0	8	-8	7
20759	0	8	8	7
20797	0	8	9	7
20759	0	9	-8	7
20797	0	9	-7	7
20797	0	9	-6	7
20797	0	9	-5	7
20797	0	9	-4	7
20797	0	9	-3	7
20797	0	9	-2	7
20797	0	9	-1	7
20797	0	9	0	7
20797	0	9	1	7
20797	0	9	2	7
20797	0	9	3	7
20797	0	9	4	7
20797	0	9	5	7
20797	0	9	6	7
20797	0	9	7	7
20797	0	9	8	7
20778	0	9	9	7
20775	0	-8	-8	27
20797	0	-8	-7	27
20797	0	-8	-6	27
20797	0	-8	-5	27
20797	0	-8	-4	27
20797	0	-8	-3	27
20797	0	-8	-2	27
20797	0	-8	-1	27
20797	0	-8	0	27
20797	0	-8	1	27
20797	0	-8	2	27
20797	0	-8	3	27
20797	0	-8	4	27
20797	0	-8	5	27
20797	0	-8	6	27
20797	0	-8	7	27
20797	0	-8	8	27
20797	0	-8	9	27
20759	0	-7	-8	27
20759	0	-7	9	27
20759	0	-6	-8	27
20759	0	-6	9	27
20759	0	-5	-8	27
20759	0	-5	9	27
20759	0	-4	-8	27
20759	0	-4	9	27
20759	0	-3	-8	27
20759	0	-3	9	27
20759	0	-2	-8	27
20759	0	-2	9	27
20759	0	-1	-8	27
20759	0	-1	9	27
20759	0	0	-8	27
20759	0	0	9	27
20759	0	1	-8	27
20759	0	1	9	27
20759	0	2	-8	27
20759	0	2	9	27
20759	0	3	-8	27
20759	0	3	9	27
20759	0	4	-8	27
20759	0	4	9	27
20759	0	5	-8	27
20759	0	5	9	27
20759	0	6	-8	27
20759	0	6	9	27
20759	0	7	-8	27
20759	0	7	9	27
20759	0	8	-8	27
20759	0	8	9	27
20759	0	9	-8	27
20797	0	9	-7	27
20797	0	9	-6	27
20797	0	9	-5	27
20797	0	9	-4	27
20797	0	9	-3	27
20797	0	9	-2	27
20797	0	9	-1	27
20797	0	9	0	27
20797	0	9	1	27
20797	0	9	2	27
20797	0	9	3	27
20797	0	9	4	27
20797	0	9	5	27
20797	0	9	6	27
20797	0	9	7	27
20797	0	9	8	27
20778	0	9	9	27
20700	0	-8	-8	47
20785	0	-8	-7	47
20785	0	-8	-6	47
20785	0	-8	-5	47
20785	0	-8	-4	47
20785	0	-8	-3	47
20785	0	-8	-2	47
20785	0	-8	-1	47
20785	0	-8	0	47
20785	0	-8	1	47
20785	0	-8	2	47
20785	0	-8	3	47
20785	0	-8	4	47
20785	0	-8	5	47
20785	0	-8	6	47
20785	0	-8	7	47
20785	0	-8	8	47
20785	0	-8	9	47
20699	0	-7	-8	47
20699	0	-7	9	47
20699	0	-6	-8	47
20699	0	-6	9	47
20699	0	-5	-8	47
20699	0	-5	9	47
20699	0	-4	-8	47
20699	0	-4	9	47
20699	0	-3	-8	47
20699	0	-3	9	47
20699	0	-2	-8	47
20699	0	-2	9	47
20699	0	-1	-8	47
20699	0	-1	9	47
20699	0	0	-8	47
20699	0	0	9	47
20699	0	1	-8	47
20699	0	1	9	47
20699	0	2	-8	47
20699	0	2	9	47
20699	0	3	-8	47
20699	0	3	9	47
20699	0	4	-8	47
20699	0	4	9	47
20699	0	5	-8	47
20699	0	5	9	47
20699	0	6	-8	47
20699	0	6	9	47
20699	0	7	-8	47
20699	0	7	9	47
20699	0	8	-8	47
20699	0	8	9	47
20699	0	9	-8	47
20785	0	9	-7	47
20785	0	9	-6	47
20785	0	9	-5	47
20785	0	9	-4	47
20785	0	9	-3	47
20785	0	9	-2	47
20785	0	9	-1	47
20785	0	9	0	47
20785	0	9	1	47
20785	0	9	2	47
20785	0	9	3	47
20785	0	9	4	47
20785	0	9	5	47
20785	0	9	6	47
20785	0	9	7	47
20785	0	9	8	47
20701	0	9	9	47
1073791882	888	917	1082	2509	0	1
1	0	0	0	0
102	0	-6	-8	0
100	0	-6	-7	0
100	0	-6	-6	0
100	0	-6	-5	0
100	0	-6	-4	0
100	0	-6	-3	0
100	0	-6	-2	0
100	0	-6	-1	0
100	0	-6	0	0
100	0	-6	1	0
100	0	-6	2	0
100	0	-6	3	0
100	0	-6	4	0
100	0	-6	5	0
100	0	-6	6	0
100	0	-6	7	0
100	0	-6	8	0
100	0	-6	9	0
99	0	-5	-8	0
99	0	-5	9	0
99	0	-4	-8	0
99	0	-4	9	0
99	0	-3	-8	0
99	0	-3	9	0
99	0	-2	-8	0
99	0	-2	9	0
99	0	-1	-8	0
99	0	-1	9	0
1880	0	-1	10	0
99	0	0	-8	0
1	0	0	0	0
99	0	0	9	0
1873	0	0	10	0
99	0	1	-8	0
99	0	1	9	0
1873	0	1	10	0
99	0	2	-8	0
99	0	2	9	0
1878	0	2	10	0
99	0	3	-8	0
99	0	3	9	0
99	0	4	-8	0
99	0	4	9	0
99	0	5	-8	0
99	0	5	9	0
99	0	6	-8	0
99	0	6	9	0
99	0	7	-8	0
100	0	7	-7	0
100	0	7	-6	0
100	0	7	-5	0
100	0	7	-4	0
100	0	7	-3	0
100	0	7	-2	0
100	0	7	-1	0
100	0	7	0	0
100	0	7	1	0
100	0	7	2	0
100	0	7	3	0
100	0	7	4	0
100	0	7	5	0
100	0	7	6	0
100	0	7	7	0
100	0	7	8	0
101	0	7	9	0
20723	0	-5	-7	7
20723	0	-5	-6	7
20723	0	-5	-5	7
20723	0	-5	-4	7
20723	0	-5	-3	7
20723	0	-5	-2	7
20723	0	-5	-1	7
20723	0	-5	0	7
20723	0	-5	1	7
20723	0	-5	2	7
20723	0	-5	3	7
20723	0	-5	4	7
20723	0	-5	5	7
20723	0	-5	6	7
20723	0	-5	7	7
20723	0	-5	8	7
20723	0	-5	9	7
20723	0	-4	-7	7
20723	0	-4	-6	7
20723	0	-4	-5	7
20723	0	-4	-4	7
20723	0	-4	-3	7
20723	0	-4	-2	7
20723	0	-4	-1	7
20723	0	-4	0	7
20723	0	-4	1	7
20723	0	-4	2	7
20723	0	-4	3	7
20723	0	-4	4	7
20723	0	-4	5	7
20723	0	-4	6	7
20723	0	-4	7	7
20723	0	-4	8	7
20723	0	-4	9	7
20723	0	-3	-7	7
20723	0	-3	-6	7
20723	0	-3	-5	7
20723	0	-3	-4	7
20723	0	-3	-3	7
20723	0	-3	-2	7
20723	0	-3	-1	7
20723	0	-3	0	7
20723	0	-3	1	7
20723	0	-3	2	7
20723	0	-3	3	7
20723	0	-3	4	7
20723	0	-3	5	7
20723	0	-3	6	7
20723	0	-3	7	7
20723	0	-3	8	7
20723	0	-3	9	7
20723	0	-2	-7	7
20723	0	-2	-6	7
20723	0	-2	-5	7
20723	0	-2	-4	7
20723	0	-2	-3	7
20723	0	-2	-2	7
20723	0	-2	-1	7
20723	0	-2	0	7
20723	0	-2	1	7
20723	0	-2	2	7
20723	0	-2	3	7
20723	0	-2	4	7
20723	0	-2	5	7
20723	0	-2	6	7
20723	0	-2	7	7
20723	0	-2	8	7
20723	0	-2	9	7
20723	0	-1	-7	7
20723	0	-1	-6	7
20723	0	-1	-5	7
20723	0	-1	-4	7
20723	0	-1	-3	7
20723	0	-1	-2	7
20723	0	-1	-1	7
20723	0	-1	0	7
20723	0	-1	1	7
20723	0	-1	2	7
20723	0	-1	3	7
20723	0	-1	4	7
20723	0	-1	5	7
20723	0	-1	6	7
20723	0	-1	7	7
20723	0	-1	8	7
20723	0	-1	9	7
20723	0	0	-7	7
20723	0	0	-6	7
20723	0	0	-5	7
20723	0	0	-4	7
20723	0	0	-3	7
20723	0	0	-2	7
20723	0	0	-1	7
20723	0	0	0	7
20723	0	0	1	7
20723	0	0	2	7
20723	0	0	3	7
20723	0	0	4	7
20723	0	0	5	7
20723	0	0	6	7
20723	0	0	7	7
20723	0	0	8	7
20723	0	0	9	7
20723	0	1	-7	7
20723	0	1	-6	7
20723	0	1	-5	7
20723	0	1	-4	7
20723	0	1	-3	7
20723	0	1	-2	7
20723	0	1	-1	7
20723	0	1	0	7
20723	0	1	1	7
20723	0	1	2	7
20723	0	1	3	7
20723	0	1	4	7
20723	0	1	5	7
20723	0	1	6	7
20723	0	1	7	7
20723	0	1	8	7
20723	0	1	9	7
20723	0	2	-7	7
20723	0	2	-6	7
20723	0	2	-5	7
20723	0	2	-4	7
20723	0	2	-3	7
20723	0	2	-2	7
20723	0	2	-1	7
20723	0	2	0	7
20723	0	2	1	7
20723	0	2	2	7
20723	0	2	3	7
20723	0	2	4	7
20723	0	2	5	7
20723	0	2	6	7
20723	0	2	7	7
20723	0	2	8	7
20723	0	2	9	7
20723	0	3	-7	7
20723	0	3	-6	7
20723	0	3	-5	7
20723	0	3	-4	7
20723	0	3	-3	7
20723	0	3	-2	7
20723	0	3	-1	7
20723	0	3	0	7
20723	0	3	1	7
20723	0	3	2	7
20723	0	3	3	7
20723	0	3	4	7
20723	0	3	5	7
20723	0	3	6	7
20723	0	3	7	7
20723	0	3	8	7
20723	0	3	9	7
20723	0	4	-7	7
20723	0	4	-6	7
20723	0	4	-5	7
20723	0	4	-4	7
20723	0	4	-3	7
20723	0	4	-2	7
20723	0	4	-1	7
20723	0	4	0	7
20723	0	4	1	7
20723	0	4	2	7
20723	0	4	3	7
20723	0	4	4	7
20723	0	4	5	7
20723	0	4	6	7
20723	0	4	7	7
20723	0	4	8	7
20723	0	4	9	7
12788	0	5	-7	7
12788	0	5	-6	7
12788	0	5	-5	7
12788	0	5	-4	7
20723	0	5	-3	7
20723	0	5	-2	7
20723	0	5	-1	7
20723	0	5	0	7
20723	0	5	1	7
20723	0	5	2	7
20723	0	5	3	7
20723	0	5	4	7
20723	0	5	5	7
20723	0	5	6	7
20723	0	5	7	7
20723	0	5	8	7
20723	0	5	9	7
12788	0	6	-7	7
12788	0	6	-6	7
12788	0	6	-5	7
12788	0	6	-4	7
20723	0	6	-3	7
20723	0	6	-2	7
20723	0	6	-1	7
20723	0	6	0	7
20723	0	6	1	7
20723	0	6	2	7
20723	0	6	3	7
20723	0	6	4	7
20723	0	6	5	7
20723	0	6	6	7
20723	0	6	7	7
20723	0	6	8	7
20723	0	6	9	7
20723	0	7	-7	7
20723	0	7	-6	7
20723	0	7	-5	7
20723	0	7	-4	7
20723	0	7	-3	7
20723	0	7	-2	7
20723	0	7	-1	7
20723	0	7	0	7
20723	0	7	1	7
20723	0	7	2	7
20723	0	7	3	7
20723	0	7	4	7
20723	0	7	5	7
20723	0	7	6	7
20723	0	7	7	7
20723	0	7	8	7
20723	0	7	9	7
20709	0	-5	-7	27
20709	0	-5	-6	27
20709	0	-5	-5	27
20709	0	-5	-4	27
20709	0	-5	-3	27
20709	0	-5	-2	27
20709	0	-5	-1	27
20709	0	-5	0	27
20709	0	-5	1	27
20709	0	-5	2	27
20709	0	-5	3	27
20709	0	-5	4	27
20709	0	-5	5	27
20709	0	-5	6	27
20709	0	-5	7	27
20709	0	-5	8	27
20709	0	-5	9	27
20709	0	-4	-7	27
20709	0	-4	-6	27
20709	0	-4	-5	27
20709	0	-4	-4	27
20709	0	-4	-3	27
20709	0	-4	-2	27
20709	0	-4	-1	27
20709	0	-4	0	27
20709	0	-4	1	27
20709	0	-4	2	27
20709	0	-4	3	27
20709	0	-4	4	27
20709	0	-4	5	27
20709	0	-4	6	27
20709	0	-4	7	27
20709	0	-4	8	27
20709	0	-4	9	27
20709	0	-3	-7	27
20709	0	-3	-6	27
20709	0	-3	-5	27
20709	0	-3	-4	27
20709	0	-3	-3	27
20709	0	-3	-2	27
20709	0	-3	-1	27
20709	0	-3	0	27
20709	0	-3	1	27
20709	0	-3	2	27
20709	0	-3	3	27
20709	0	-3	4	27
20709	0	-3	5	27
20709	0	-3	6	27
20709	0	-3	7	27
20709	0	-3	8	27
20709	0	-3	9	27
20709	0	-2	-7	27
20709	0	-2	-6	27
20709	0	-2	-5	27
20709	0	-2	-4	27
20709	0	-2	-3	27
20709	0	-2	-2	27
20709	0	-2	-1	27
20709	0	-2	0	27
20709	0	-2	1	27
20709	0	-2	2	27
20709	0	-2	3	27
20709	0	-2	4	27
20709	0	-2	5	27
20709	0	-2	6	27
20709	0	-2	7	27
20709	0	-2	8	27
20709	0	-2	9	27
20709	0	-1	-7	27
20709	0	-1	-6	27
20709	0	-1	-5	27
20709	0	-1	-4	27
20709	0	-1	-3	27
20709	0	-1	-2	27
20709	0	-1	-1	27
20709	0	-1	0	27
20709	0	-1	1	27
20709	0	-1	2	27
20709	0	-1	3	27
20709	0	-1	4	27
20709	0	-1	5	27
20709	0	-1	6	27
20709	0	-1	7	27
20709	0	-1	8	27
20709	0	-1	9	27
20709	0	0	-7	27
20709	0	0	-6	27
20709	0	0	-5	27
20709	0	0	-4	27
20709	0	0	-3	27
20709	0	0	-2	27
20709	0	0	-1	27
20709	0	0	0	27
20709	0	0	1	27
20709	0	0	2	27
20709	0	0	3	27
20709	0	0	4	27
20709	0	0	5	27
20709	0	0	6	27
20709	0	0	7	27
20709	0	0	8	27
20709	0	0	9	27
20709	0	1	-7	27
20709	0	1	-6	27
20709	0	1	-5	27
20709	0	1	-4	27
20709	0	1	-3	27
20709	0	1	-2	27
20709	0	1	-1	27
20709	0	1	0	27
20709	0	1	1	27
20709	0	1	2	27
20709	0	1	3	27
20709	0	1	4	27
20709	0	1	5	27
20709	0	1	6	27
20709	0	1	7	27
20709	0	1	8	27
20709	0	1	9	27
20709	0	2	-7	27
20709	0	2	-6	27
20709	0	2	-5	27
20709	0	2	-4	27
20709	0	2	-3	27
20709	0	2	-2	27
20709	0	2	-1	27
20709	0	2	0	27
20709	0	2	1	27
20709	0	2	2	27
20709	0	2	3	27
20709	0	2	4	27
20709	0	2	5	27
20709	0	2	6	27
20709	0	2	7	27
20709	0	2	8	27
20709	0	2	9	27
20709	0	3	-7	27
20709	0	3	-6	27
20709	0	3	-5	27
20709	0	3	-4	27
20709	0	3	-3	27
20709	0	3	-2	27
20709	0	3	-1	27
20709	0	3	0	27
20709	0	3	1	27
20709	0	3	2	27
20709	0	3	3	27
20709	0	3	4	27
20709	0	3	5	27
20709	0	3	6	27
20709	0	3	7	27
20709	0	3	8	27
20709	0	3	9	27
20709	0	4	-7	27
20709	0	4	-6	27
20709	0	4	-5	27
20709	0	4	-4	27
20709	0	4	-3	27
20709	0	4	-2	27
20709	0	4	-1	27
20709	0	4	0	27
20709	0	4	1	27
20709	0	4	2	27
20709	0	4	3	27
20709	0	4	4	27
20709	0	4	5	27
20709	0	4	6	27
20709	0	4	7	27
20709	0	4	8	27
20709	0	4	9	27
20709	0	5	-3	27
20709	0	5	-2	27
20709	0	5	-1	27
20709	0	5	0	27
20709	0	5	1	27
20709	0	5	2	27
20709	0	5	3	27
20709	0	5	4	27
20709	0	5	5	27
20709	0	5	6	27
20709	0	5	7	27
20709	0	5	8	27
20709	0	5	9	27
20709	0	6	-3	27
20709	0	6	-2	27
20709	0	6	-1	27
20709	0	6	0	27
20709	0	6	1	27
20709	0	6	2	27
20709	0	6	3	27
20709	0	6	4	27
20709	0	6	5	27
20709	0	6	6	27
20709	0	6	7	27
20709	0	6	8	27
20709	0	6	9	27
20709	0	7	-7	27
20709	0	7	-6	27
20709	0	7	-5	27
20709	0	7	-4	27
20709	0	7	-3	27
20709	0	7	-2	27
20709	0	7	-1	27
20709	0	7	0	27
20709	0	7	1	27
20709	0	7	2	27
20709	0	7	3	27
20709	0	7	4	27
20709	0	7	5	27
20709	0	7	6	27
20709	0	7	7	27
20709	0	7	8	27
20709	0	7	9	27
1309	0	-5	-7	47
1309	0	-5	-6	47
1309	0	-5	-5	47
1309	0	-5	-4	47
1309	0	-5	-3	47
1309	0	-5	-2	47
1309	0	-5	-1	47
1309	0	-5	0	47
1309	0	-5	1	47
1309	0	-5	2	47
1309	0	-5	3	47
1309	0	-5	4	47
1309	0	-5	5	47
1309	0	-5	6	47
1309	0	-5	7	47
1309	0	-5	8	47
1309	0	-5	9	47
1309	0	-4	-7	47
1309	0	-4	-6	47
1309	0	-4	-5	47
1309	0	-4	-4	47
1309	0	-4	-3	47
1309	0	-4	-2	47
1309	0	-4	-1	47
1309	0	-4	0	47
1309	0	-4	1	47
1309	0	-4	2	47
1309	0	-4	3	47
1309	0	-4	4	47
1309	0	-4	5	47
1309	0	-4	6	47
1309	0	-4	7	47
1309	0	-4	8	47
1309	0	-4	9	47
1309	0	-3	-7	47
1309	0	-3	-6	47
1309	0	-3	-5	47
1309	0	-3	-4	47
1309	0	-3	-3	47
1309	0	-3	-2	47
1309	0	-3	-1	47
1309	0	-3	0	47
1309	0	-3	1	47
1309	0	-3	2	47
1309	0	-3	3	47
1309	0	-3	4	47
1309	0	-3	5	47
1309	0	-3	6	47
1309	0	-3	7	47
1309	0	-3	8	47
1309	0	-3	9	47
1309	0	-2	-7	47
1309	0	-2	-6	47
1309	0	-2	-5	47
1309	0	-2	-4	47
1309	0	-2	-3	47
1309	0	-2	-2	47
1309	0	-2	-1	47
1309	0	-2	0	47
1309	0	-2	1	47
1309	0	-2	2	47
1309	0	-2	3	47
1309	0	-2	4	47
1309	0	-2	5	47
1309	0	-2	6	47
1309	0	-2	7	47
1309	0	-2	8	47
1309	0	-2	9	47
1309	0	-1	-7	47
1309	0	-1	-6	47
1309	0	-1	-5	47
1309	0	-1	-4	47
1309	0	-1	-3	47
1309	0	-1	-2	47
1309	0	-1	-1	47
1309	0	-1	0	47
1309	0	-1	1	47
1309	0	-1	2	47
1309	0	-1	3	47
1309	0	-1	4	47
1309	0	-1	5	47
1309	0	-1	6	47
1309	0	-1	7	47
1309	0	-1	8	47
1309	0	-1	9	47
1309	0	0	-7	47
1309	0	0	-6	47
1309	0	0	-5	47
1309	0	0	-4	47
1309	0	0	-3	47
1309	0	0	-2	47
1309	0	0	-1	47
1309	0	0	0	47
1309	0	0	1	47
1309	0	0	2	47
1309	0	0	3	47
1309	0	0	4	47
1309	0	0	5	47
1309	0	0	6	47
1309	0	0	7	47
1309	0	0	8	47
1309	0	0	9	47
1309	0	1	-7	47
1309	0	1	-6	47
1309	0	1	-5	47
1309	0	1	-4	47
1309	0	1	-3	47
1309	0	1	-2	47
1309	0	1	-1	47
1309	0	1	0	47
1309	0	1	1	47
1309	0	1	2	47
1309	0	1	3	47
1309	0	1	4	47
1309	0	1	5	47
1309	0	1	6	47
1309	0	1	7	47
1309	0	1	8	47
1309	0	1	9	47
1309	0	2	-7	47
1309	0	2	-6	47
1309	0	2	-5	47
1309	0	2	-4	47
1309	0	2	-3	47
1309	0	2	-2	47
1309	0	2	-1	47
1309	0	2	0	47
1309	0	2	1	47
1309	0	2	2	47
1309	0	2	3	47
1309	0	2	4	47
1309	0	2	5	47
1309	0	2	6	47
1309	0	2	7	47
1309	0	2	8	47
1309	0	2	9	47
1309	0	3	-7	47
1309	0	3	-6	47
1309	0	3	-5	47
1309	0	3	-4	47
1309	0	3	-3	47
1309	0	3	-2	47
1309	0	3	-1	47
1309	0	3	0	47
1309	0	3	1	47
1309	0	3	2	47
1309	0	3	3	47
1309	0	3	4	47
1309	0	3	5	47
1309	0	3	6	47
1309	0	3	7	47
1309	0	3	8	47
1309	0	3	9	47
1309	0	4	-7	47
1309	0	4	-6	47
1309	0	4	-5	47
1309	0	4	-4	47
1309	0	4	-3	47
1309	0	4	-2	47
1309	0	4	-1	47
1309	0	4	0	47
1309	0	4	1	47
1309	0	4	2	47
1309	0	4	3	47
1309	0	4	4	47
1309	0	4	5	47
1309	0	4	6	47
1309	0	4	7	47
1309	0	4	8	47
1309	0	4	9	47
1309	0	5	-7	47
1309	0	5	-6	47
1309	0	5	-5	47
1309	0	5	-4	47
1309	0	5	-3	47
1309	0	5	-2	47
1309	0	5	-1	47
1309	0	5	0	47
1309	0	5	1	47
1309	0	5	2	47
1309	0	5	3	47
1309	0	5	4	47
1309	0	5	5	47
1309	0	5	6	47
1309	0	5	7	47
1309	0	5	8	47
1309	0	5	9	47
1309	0	6	-7	47
1309	0	6	-6	47
1309	0	6	-5	47
1309	0	6	-4	47
1309	0	6	-3	47
1309	0	6	-2	47
1309	0	6	-1	47
1309	0	6	0	47
1309	0	6	1	47
1309	0	6	2	47
1309	0	6	3	47
1309	0	6	4	47
1309	0	6	5	47
1309	0	6	6	47
1309	0	6	7	47
1309	0	6	8	47
1309	0	6	9	47
1309	0	7	-7	47
1309	0	7	-6	47
1309	0	7	-5	47
1309	0	7	-4	47
1309	0	7	-3	47
1309	0	7	-2	47
1309	0	7	-1	47
1309	0	7	0	47
1309	0	7	1	47
1309	0	7	2	47
1309	0	7	3	47
1309	0	7	4	47
1309	0	7	5	47
1309	0	7	6	47
1309	0	7	7	47
1309	0	7	8	47
1309	0	7	9	47
29	0	-6	-8	7
27	0	-6	-7	7
27	0	-6	-6	7
27	0	-6	-5	7
27	0	-6	-4	7
27	0	-6	-3	7
27	0	-6	-2	7
27	0	-6	-1	7
27	0	-6	0	7
27	0	-6	1	7
27	0	-6	2	7
27	0	-6	3	7
27	0	-6	4	7
27	0	-6	5	7
27	0	-6	6	7
27	0	-6	7	7
27	0	-6	8	7
27	0	-6	9	7
28	0	-5	-8	7
28	0	-5	9	7
28	0	-4	-8	7
28	0	-4	9	7
28	0	-3	-8	7
28	0	-3	9	7
28	0	-2	-8	7
28	0	-2	9	7
28	0	-1	-8	7
28	0	-1	9	7
28	0	0	-8	7
28	0	1	-8	7
28	0	2	-8	7
28	0	2	9	7
28	0	3	-8	7
28	0	3	9	7
28	0	4	-8	7
28	0	4	9	7
28	0	5	-8	7
30727	0	5	-7	7
30727	0	5	-6	7
30727	0	5	-5	7
30729	0	5	-4	7
28	0	5	9	7
28	0	6	-8	7
30727	0	6	-7	7
30727	0	6	-6	7
30727	0	6	-5	7
30729	0	6	-4	7
28	0	6	9	7
28	0	7	-8	7
27	0	7	-7	7
27	0	7	-6	7
27	0	7	-5	7
27	0	7	-4	7
27	0	7	-3	7
27	0	7	-2	7
27	0	7	-1	7
27	0	7	0	7
27	0	7	1	7
27	0	7	2	7
27	0	7	3	7
27	0	7	4	7
27	0	7	5	7
27	0	7	6	7
27	0	7	7	7
27	0	7	8	7
26	0	7	9	7
29	0	-6	-8	27
27	0	-6	-7	27
27	0	-6	-6	27
27	0	-6	-5	27
27	0	-6	-4	27
27	0	-6	-3	27
27	0	-6	-2	27
27	0	-6	-1	27
27	0	-6	0	27
27	0	-6	1	27
27	0	-6	2	27
27	0	-6	3	27
27	0	-6	4	27
27	0	-6	5	27
27	0	-6	6	27
27	0	-6	7	27
27	0	-6	8	27
27	0	-6	9	27
28	0	-5	-8	27
28	0	-5	9	27
28	0	-4	-8	27
28	0	-4	9	27
28	0	-3	-8	27
28	0	-3	9	27
28	0	-2	-8	27
28	0	-2	9	27
28	0	-1	-8	27
28	0	-1	9	27
28	0	0	-8	27
28	0	0	9	27
28	0	1	-8	27
28	0	1	9	27
28	0	2	-8	27
28	0	2	9	27
28	0	3	-8	27
28	0	3	9	27
28	0	4	-8	27
38	0	4	-5	27
38	0	4	-4	27
38	0	4	-3	27
28	0	4	9	27
28	0	5	-8	27
37	0	5	-3	27
28	0	5	9	27
28	0	6	-8	27
37	0	6	-3	27
28	0	6	9	27
28	0	7	-8	27
27	0	7	-7	27
27	0	7	-6	27
27	0	7	-5	27
27	0	7	-4	27
27	0	7	-3	27
27	0	7	-2	27
27	0	7	-1	27
27	0	7	0	27
27	0	7	1	27
27	0	7	2	27
27	0	7	3	27
27	0	7	4	27
27	0	7	5	27
27	0	7	6	27
27	0	7	7	27
27	0	7	8	27
26	0	7	9	27
38	0	-6	-7	47
38	0	-6	-6	47
38	0	-6	-5	47
38	0	-6	-4	47
38	0	-6	-2	47
38	0	-6	-1	47
38	0	-6	0	47
38	0	-6	1	47
38	0	-6	2	47
38	0	-6	3	47
38	0	-6	4	47
38	0	-6	6	47
38	0	-6	7	47
38	0	-6	8	47
38	0	-6	9	47
37	0	-5	-8	47
37	0	-5	9	47
37	0	-4	-8	47
37	0	-4	9	47
37	0	-3	-8	47
37	0	-3	9	47
37	0	-2	9	47
37	0	-1	-8	47
37	0	-1	9	47
37	0	0	-8	47
37	0	0	9	47
37	0	1	-8	47
37	0	1	9	47
37	0	2	-8	47
37	0	2	9	47
37	0	3	-8	47
37	0	3	9	47
37	0	4	9	47
37	0	5	-8	47
37	0	5	9	47
37	0	6	-8	47
37	0	6	9	47
37	0	7	-8	47
38	0	7	-7	47
38	0	7	-6	47
38	0	7	-5	47
38	0	7	-4	47
38	0	7	-3	47
38	0	7	-1	47
38	0	7	0	47
38	0	7	1	47
38	0	7	2	47
38	0	7	3	47
38	0	7	4	47
38	0	7	6	47
38	0	7	7	47
38	0	7	8	47
36	0	7	9	47
30729	0	6	-5	12
30727	0	6	-6	12
30729	0	6	-6	17
30727	0	6	-7	12
30727	0	6	-7	17
30729	0	6	-7	22
30729	0	5	-5	12
30727	0	5	-6	12
30729	0	5	-6	17
30727	0	5	-7	12
30727	0	5	-7	17
30729	0	5	-7	22
