 ver 5
1073754379	1195	1026	2185	792	0	1
1	0	0	0	0
102	0	-8	-8	0
100	0	-8	-7	0
100	0	-8	-6	0
100	0	-8	-5	0
100	0	-8	-4	0
100	0	-8	-3	0
100	0	-8	-2	0
100	0	-8	-1	0
100	0	-8	0	0
100	0	-8	1	0
100	0	-8	2	0
100	0	-8	3	0
100	0	-8	4	0
100	0	-8	5	0
100	0	-8	6	0
100	0	-8	7	0
100	0	-8	8	0
100	0	-8	9	0
99	0	-7	-8	0
99	0	-7	9	0
99	0	-6	-8	0
99	0	-6	9	0
1833	0	-6	10	0
99	0	-5	-8	0
99	0	-5	9	0
1826	0	-5	10	0
99	0	-4	-8	0
99	0	-4	9	0
1826	0	-4	10	0
99	0	-3	-8	0
99	0	-3	9	0
1826	0	-3	10	0
99	0	-2	-8	0
99	0	-2	9	0
1831	0	-2	10	0
99	0	-1	-8	0
99	0	-1	9	0
99	0	0	-8	0
1	0	0	0	0
99	0	0	9	0
99	0	1	-8	0
99	0	1	9	0
99	0	2	-8	0
99	0	2	9	0
99	0	3	-8	0
99	0	3	9	0
1833	0	3	10	0
99	0	4	-8	0
99	0	4	9	0
1826	0	4	10	0
99	0	5	-8	0
99	0	5	9	0
1826	0	5	10	0
99	0	6	-8	0
99	0	6	9	0
1826	0	6	10	0
99	0	7	-8	0
99	0	7	9	0
1831	0	7	10	0
99	0	8	-8	0
99	0	8	9	0
99	0	9	-8	0
100	0	9	-7	0
100	0	9	-6	0
100	0	9	-5	0
100	0	9	-4	0
100	0	9	-3	0
100	0	9	-2	0
100	0	9	-1	0
100	0	9	0	0
100	0	9	1	0
100	0	9	2	0
100	0	9	3	0
100	0	9	4	0
100	0	9	5	0
100	0	9	6	0
100	0	9	7	0
100	0	9	8	0
101	0	9	9	0
20723	0	-7	-7	7
20723	0	-7	-6	7
20723	0	-7	-5	7
20723	0	-7	-4	7
20723	0	-7	-3	7
20723	0	-7	-2	7
20723	0	-7	-1	7
20723	0	-7	0	7
20723	0	-7	1	7
20723	0	-7	2	7
20723	0	-7	3	7
20723	0	-7	4	7
20723	0	-7	5	7
20723	0	-7	6	7
20723	0	-7	7	7
20723	0	-7	8	7
20723	0	-7	9	7
20723	0	-6	-7	7
20723	0	-6	-6	7
20723	0	-6	-5	7
20723	0	-6	-4	7
20723	0	-6	-3	7
20723	0	-6	-2	7
20723	0	-6	-1	7
20723	0	-6	0	7
20723	0	-6	1	7
20723	0	-6	2	7
20723	0	-6	3	7
20723	0	-6	4	7
20723	0	-6	5	7
20723	0	-6	6	7
20723	0	-6	7	7
20723	0	-6	8	7
20723	0	-6	9	7
20723	0	-5	-7	7
20723	0	-5	-6	7
20723	0	-5	-5	7
20723	0	-5	-4	7
20723	0	-5	-3	7
20723	0	-5	-2	7
20723	0	-5	-1	7
20723	0	-5	0	7
20723	0	-5	1	7
20723	0	-5	2	7
20723	0	-5	3	7
20723	0	-5	4	7
20723	0	-5	5	7
20723	0	-5	6	7
20723	0	-5	7	7
20723	0	-5	8	7
20723	0	-5	9	7
20723	0	-4	-7	7
20723	0	-4	-6	7
20723	0	-4	-5	7
20723	0	-4	-4	7
20723	0	-4	-3	7
20723	0	-4	-2	7
20723	0	-4	-1	7
20723	0	-4	0	7
20723	0	-4	1	7
20723	0	-4	2	7
20723	0	-4	3	7
20723	0	-4	4	7
20723	0	-4	5	7
20723	0	-4	6	7
20723	0	-4	7	7
20723	0	-4	8	7
20723	0	-4	9	7
20723	0	-3	-7	7
20723	0	-3	-6	7
20723	0	-3	-5	7
20723	0	-3	-4	7
20723	0	-3	-3	7
20723	0	-3	-2	7
20723	0	-3	-1	7
20723	0	-3	0	7
20723	0	-3	1	7
20723	0	-3	2	7
20723	0	-3	3	7
20723	0	-3	4	7
20723	0	-3	5	7
20723	0	-3	6	7
20723	0	-3	7	7
20723	0	-3	8	7
20723	0	-3	9	7
20723	0	-2	-7	7
20723	0	-2	-6	7
20723	0	-2	-5	7
20723	0	-2	-4	7
20723	0	-2	-3	7
20723	0	-2	-2	7
20723	0	-2	-1	7
20723	0	-2	0	7
20723	0	-2	1	7
20723	0	-2	2	7
20723	0	-2	3	7
20723	0	-2	4	7
20723	0	-2	5	7
20723	0	-2	6	7
20723	0	-2	7	7
20723	0	-2	8	7
20723	0	-2	9	7
20723	0	-1	-7	7
20723	0	-1	-6	7
20723	0	-1	-5	7
20723	0	-1	-4	7
20723	0	-1	-3	7
20723	0	-1	-2	7
20723	0	-1	-1	7
20723	0	-1	0	7
20723	0	-1	1	7
20723	0	-1	2	7
20723	0	-1	3	7
20723	0	-1	4	7
20723	0	-1	5	7
20723	0	-1	6	7
20723	0	-1	7	7
20723	0	-1	8	7
20723	0	-1	9	7
20723	0	0	-7	7
20723	0	0	-6	7
20723	0	0	-5	7
20723	0	0	-4	7
20723	0	0	-3	7
20723	0	0	-2	7
20723	0	0	-1	7
20723	0	0	0	7
20723	0	0	1	7
20723	0	0	2	7
20723	0	0	3	7
20723	0	0	4	7
20723	0	0	5	7
20723	0	0	6	7
20723	0	0	7	7
20723	0	0	8	7
20723	0	0	9	7
20723	0	1	-6	7
20723	0	1	-5	7
20723	0	1	-4	7
20723	0	1	-3	7
20723	0	1	-2	7
20723	0	1	-1	7
20723	0	1	0	7
20723	0	1	1	7
20723	0	1	2	7
20723	0	1	3	7
20723	0	1	4	7
20723	0	1	5	7
20723	0	1	6	7
20723	0	1	7	7
20723	0	1	8	7
20723	0	1	9	7
20723	0	2	-7	7
20723	0	2	-6	7
20723	0	2	-5	7
20723	0	2	-4	7
20723	0	2	-3	7
20723	0	2	-2	7
20723	0	2	-1	7
20723	0	2	0	7
20723	0	2	1	7
20723	0	2	2	7
20723	0	2	3	7
20723	0	2	4	7
20723	0	2	5	7
20723	0	2	6	7
20723	0	2	7	7
20723	0	2	8	7
20723	0	2	9	7
1301	0	3	-7	7
1301	0	3	-6	7
1301	0	3	-5	7
1301	0	3	-4	7
1301	0	3	-3	7
1301	0	3	-2	7
1301	0	3	-1	7
1301	0	3	0	7
1301	0	3	1	7
1301	0	3	2	7
1301	0	3	3	7
1301	0	3	4	7
1301	0	3	5	7
1301	0	3	6	7
1301	0	3	7	7
1301	0	3	8	7
1301	0	3	9	7
1301	0	4	-7	7
1301	0	4	-6	7
1301	0	4	-5	7
1301	0	4	-4	7
1301	0	4	-3	7
1301	0	4	-2	7
1301	0	4	-1	7
1301	0	4	0	7
1301	0	4	1	7
1301	0	4	2	7
1301	0	4	3	7
1301	0	4	4	7
1301	0	4	5	7
1301	0	4	6	7
1301	0	4	7	7
1301	0	4	8	7
1301	0	4	9	7
1301	0	5	-7	7
1301	0	5	-6	7
1301	0	5	-5	7
1301	0	5	-4	7
1301	0	5	-3	7
1301	0	5	-2	7
1301	0	5	-1	7
1301	0	5	0	7
1301	0	5	1	7
1301	0	5	2	7
1301	0	5	3	7
1301	0	5	4	7
1301	0	5	5	7
1301	0	5	6	7
1301	0	5	7	7
1301	0	5	8	7
1301	0	5	9	7
1301	0	6	-7	7
1301	0	6	-6	7
1301	0	6	-5	7
1301	0	6	-4	7
1301	0	6	-3	7
1301	0	6	-2	7
1301	0	6	-1	7
1301	0	6	0	7
1301	0	6	1	7
1301	0	6	2	7
1301	0	6	3	7
1301	0	6	4	7
1301	0	6	5	7
1301	0	6	6	7
1301	0	6	7	7
1301	0	6	8	7
1301	0	6	9	7
1301	0	7	-7	7
1301	0	7	-6	7
1301	0	7	-5	7
1301	0	7	-4	7
1301	0	7	-3	7
1301	0	7	-2	7
1301	0	7	-1	7
1301	0	7	0	7
1301	0	7	1	7
1301	0	7	2	7
1301	0	7	3	7
1301	0	7	4	7
1301	0	7	5	7
1301	0	7	6	7
1301	0	7	7	7
1301	0	7	8	7
1410	0	7	9	7
1301	0	8	-7	7
1301	0	8	-6	7
1301	0	8	-5	7
1301	0	8	-4	7
1301	0	8	-3	7
1301	0	8	-2	7
1301	0	8	-1	7
1301	0	8	0	7
1301	0	8	1	7
1301	0	8	2	7
1301	0	8	3	7
1301	0	8	4	7
1301	0	8	5	7
1301	0	8	6	7
1301	0	8	7	7
1301	0	8	8	7
1410	0	8	9	7
1410	0	9	-7	7
1301	0	9	-6	7
1410	0	9	-5	7
1410	0	9	-4	7
1410	0	9	-3	7
1301	0	9	-2	7
1301	0	9	-1	7
1410	0	9	0	7
1410	0	9	1	7
1410	0	9	2	7
1410	0	9	3	7
1410	0	9	4	7
1410	0	9	5	7
1410	0	9	6	7
1410	0	9	7	7
1410	0	9	8	7
1410	0	9	9	7
20709	0	-7	-7	27
20709	0	-7	-6	27
20709	0	-7	-5	27
20709	0	-7	-4	27
20709	0	-7	-3	27
20709	0	-7	-2	27
20709	0	-7	-1	27
20709	0	-7	0	27
20709	0	-7	1	27
20709	0	-7	2	27
20709	0	-7	3	27
20709	0	-7	4	27
20709	0	-7	5	27
20709	0	-7	6	27
20709	0	-7	7	27
20709	0	-7	8	27
20709	0	-7	9	27
20709	0	-6	-7	27
20709	0	-6	-6	27
20709	0	-6	-5	27
20709	0	-6	-4	27
20709	0	-6	-3	27
20709	0	-6	-2	27
20709	0	-6	-1	27
20709	0	-6	0	27
20709	0	-6	1	27
20709	0	-6	2	27
20709	0	-6	3	27
20709	0	-6	4	27
20709	0	-6	5	27
20709	0	-6	6	27
20709	0	-6	7	27
20709	0	-6	8	27
20709	0	-6	9	27
20709	0	-5	-7	27
20709	0	-5	-6	27
20709	0	-5	-5	27
20709	0	-5	-4	27
20709	0	-5	-3	27
20709	0	-5	-2	27
20709	0	-5	-1	27
20709	0	-5	0	27
20709	0	-5	1	27
20709	0	-5	2	27
20709	0	-5	3	27
20709	0	-5	4	27
20709	0	-5	5	27
20709	0	-5	6	27
20709	0	-5	7	27
20709	0	-5	8	27
20709	0	-5	9	27
20709	0	-4	-7	27
20709	0	-4	-6	27
20709	0	-4	-5	27
20709	0	-4	-4	27
20709	0	-4	-3	27
20709	0	-4	-2	27
20709	0	-4	-1	27
20709	0	-4	0	27
20709	0	-4	1	27
20709	0	-4	2	27
20709	0	-4	3	27
20709	0	-4	4	27
20709	0	-4	5	27
20709	0	-4	6	27
20709	0	-4	7	27
20709	0	-4	8	27
20709	0	-4	9	27
20709	0	-3	-7	27
20709	0	-3	-6	27
20709	0	-3	-5	27
20709	0	-3	-4	27
20709	0	-3	-3	27
20709	0	-3	-2	27
20709	0	-3	-1	27
20709	0	-3	0	27
20709	0	-3	1	27
20709	0	-3	2	27
20709	0	-3	3	27
20709	0	-3	4	27
20709	0	-3	5	27
20709	0	-3	6	27
20709	0	-3	7	27
20709	0	-3	8	27
20709	0	-3	9	27
20709	0	-2	-7	27
20709	0	-2	-6	27
20709	0	-2	-5	27
20709	0	-2	-4	27
20709	0	-2	-3	27
20709	0	-2	-2	27
20709	0	-2	-1	27
20709	0	-2	0	27
20709	0	-2	1	27
20709	0	-2	2	27
20709	0	-2	3	27
20709	0	-2	4	27
20709	0	-2	5	27
20709	0	-2	6	27
20709	0	-2	7	27
20709	0	-2	8	27
20709	0	-2	9	27
20709	0	-1	-7	27
20709	0	-1	-6	27
20709	0	-1	-5	27
20709	0	-1	-4	27
20709	0	-1	-3	27
20709	0	-1	-2	27
20709	0	-1	-1	27
20709	0	-1	0	27
20709	0	-1	1	27
20709	0	-1	2	27
20709	0	-1	3	27
20709	0	-1	4	27
20709	0	-1	5	27
20709	0	-1	6	27
20709	0	-1	7	27
20709	0	-1	8	27
20709	0	-1	9	27
20709	0	0	-7	27
20709	0	0	-6	27
20709	0	0	-5	27
20709	0	0	-4	27
20709	0	0	-3	27
20709	0	0	-2	27
20709	0	0	-1	27
20709	0	0	0	27
20709	0	0	1	27
20709	0	0	2	27
20709	0	0	3	27
20709	0	0	4	27
20709	0	0	5	27
20709	0	0	6	27
20709	0	0	7	27
20709	0	0	8	27
20709	0	0	9	27
20709	0	1	-7	27
20709	0	1	-6	27
20709	0	1	-5	27
20709	0	1	-4	27
20709	0	1	-3	27
20709	0	1	-2	27
20709	0	1	-1	27
20709	0	1	0	27
20709	0	1	1	27
20709	0	1	2	27
20709	0	1	3	27
20709	0	1	4	27
20709	0	1	5	27
20709	0	1	6	27
20709	0	1	7	27
20709	0	1	8	27
20709	0	1	9	27
20709	0	2	-6	27
20709	0	2	-5	27
20709	0	2	-4	27
20709	0	2	-3	27
20709	0	2	-2	27
20709	0	2	-1	27
20709	0	2	0	27
20709	0	2	1	27
20709	0	2	2	27
20709	0	2	3	27
20709	0	2	4	27
20709	0	2	5	27
20709	0	2	6	27
20709	0	2	7	27
20709	0	2	8	27
20709	0	2	9	27
20709	0	3	-7	27
20709	0	3	-6	27
20709	0	3	-5	27
20709	0	3	-4	27
20709	0	3	-3	27
20709	0	3	-2	27
20709	0	3	-1	27
20709	0	3	0	27
20709	0	3	1	27
20709	0	3	2	27
20709	0	3	3	27
20709	0	3	4	27
20709	0	3	5	27
20709	0	3	6	27
20709	0	3	7	27
20709	0	3	8	27
20709	0	3	9	27
20709	0	4	-7	27
20709	0	4	-6	27
20709	0	4	-5	27
20709	0	4	-4	27
20709	0	4	-3	27
20709	0	4	-2	27
20709	0	4	-1	27
20709	0	4	0	27
20709	0	4	1	27
20709	0	4	2	27
20709	0	4	3	27
20709	0	4	4	27
20709	0	4	5	27
20709	0	4	6	27
20709	0	4	7	27
20709	0	4	8	27
20709	0	4	9	27
20709	0	5	-7	27
20709	0	5	-6	27
20709	0	5	-5	27
20709	0	5	-4	27
20709	0	5	-3	27
20709	0	5	-2	27
20709	0	5	-1	27
20709	0	5	0	27
20709	0	5	1	27
20709	0	5	2	27
20709	0	5	3	27
20709	0	5	4	27
20709	0	5	5	27
20709	0	5	6	27
20709	0	5	7	27
20709	0	5	8	27
20709	0	5	9	27
20709	0	6	-7	27
20709	0	6	-6	27
20709	0	6	-5	27
20709	0	6	-4	27
20709	0	6	-3	27
20709	0	6	-2	27
20709	0	6	-1	27
20709	0	6	0	27
20709	0	6	1	27
20709	0	6	2	27
20709	0	6	3	27
20709	0	6	4	27
20709	0	6	5	27
20709	0	6	6	27
20709	0	6	7	27
20709	0	6	8	27
20709	0	6	9	27
20709	0	7	-7	27
20709	0	7	-6	27
20709	0	7	-5	27
20709	0	7	-4	27
20709	0	7	-3	27
20709	0	7	-2	27
20709	0	7	-1	27
20709	0	7	0	27
20709	0	7	1	27
20709	0	7	2	27
20709	0	7	3	27
20709	0	7	4	27
20709	0	7	5	27
20709	0	7	6	27
20709	0	7	7	27
20709	0	7	8	27
20709	0	7	9	27
20709	0	8	-7	27
20709	0	8	-6	27
20709	0	8	-5	27
20709	0	8	-4	27
20709	0	8	-3	27
20709	0	8	-2	27
20709	0	8	-1	27
20709	0	8	0	27
20709	0	8	1	27
20709	0	8	2	27
20709	0	8	3	27
20709	0	8	4	27
20709	0	8	5	27
20709	0	8	6	27
20709	0	8	7	27
20709	0	8	8	27
20709	0	8	9	27
20709	0	9	-7	27
20709	0	9	-6	27
20709	0	9	-5	27
20709	0	9	-4	27
20709	0	9	-3	27
20709	0	9	-2	27
20709	0	9	-1	27
20709	0	9	0	27
20709	0	9	1	27
20709	0	9	2	27
20709	0	9	3	27
20709	0	9	4	27
20709	0	9	5	27
20709	0	9	6	27
20709	0	9	7	27
20709	0	9	8	27
1233	0	-7	-7	47
1231	0	-7	-6	47
1231	0	-7	-5	47
1231	0	-7	-4	47
1231	0	-7	-3	47
1231	0	-7	-2	47
1231	0	-7	-1	47
1231	0	-7	0	47
1231	0	-7	1	47
1231	0	-7	2	47
1231	0	-7	3	47
1231	0	-7	4	47
1231	0	-7	5	47
1231	0	-7	6	47
1231	0	-7	7	47
1231	0	-7	8	47
1232	0	-7	9	47
1228	0	-6	-7	47
1223	0	-6	-6	47
1223	0	-6	-5	47
1223	0	-6	-4	47
1223	0	-6	-3	47
1223	0	-6	-2	47
1223	0	-6	-1	47
1223	0	-6	0	47
1223	0	-6	1	47
1223	0	-6	2	47
1223	0	-6	3	47
1223	0	-6	4	47
1223	0	-6	5	47
1223	0	-6	6	47
1223	0	-6	7	47
1223	0	-6	8	47
1228	0	-6	9	47
1228	0	-5	-7	47
1223	0	-5	-6	47
1223	0	-5	-5	47
1223	0	-5	-4	47
1223	0	-5	-3	47
1223	0	-5	-2	47
1223	0	-5	-1	47
1223	0	-5	0	47
1223	0	-5	1	47
1223	0	-5	2	47
1223	0	-5	3	47
1223	0	-5	4	47
1223	0	-5	5	47
1223	0	-5	6	47
1223	0	-5	7	47
1223	0	-5	8	47
1228	0	-5	9	47
1228	0	-4	-7	47
1223	0	-4	-6	47
1223	0	-4	-5	47
1223	0	-4	-4	47
1223	0	-4	-3	47
1223	0	-4	-2	47
1223	0	-4	-1	47
1223	0	-4	0	47
1223	0	-4	1	47
1223	0	-4	2	47
1223	0	-4	3	47
1223	0	-4	4	47
1223	0	-4	5	47
1223	0	-4	6	47
1223	0	-4	7	47
1223	0	-4	8	47
1228	0	-4	9	47
1228	0	-3	-7	47
1223	0	-3	-6	47
1223	0	-3	-5	47
1223	0	-3	-4	47
1223	0	-3	-3	47
1223	0	-3	-2	47
1223	0	-3	-1	47
1223	0	-3	0	47
1223	0	-3	1	47
1223	0	-3	2	47
1223	0	-3	3	47
1223	0	-3	4	47
1223	0	-3	5	47
1223	0	-3	6	47
1223	0	-3	7	47
1223	0	-3	8	47
1228	0	-3	9	47
1228	0	-2	-7	47
1223	0	-2	-6	47
1223	0	-2	-5	47
1223	0	-2	-4	47
1223	0	-2	-3	47
1223	0	-2	-2	47
1223	0	-2	-1	47
1223	0	-2	0	47
1223	0	-2	1	47
1223	0	-2	2	47
1223	0	-2	3	47
1223	0	-2	4	47
1223	0	-2	5	47
1223	0	-2	6	47
1223	0	-2	7	47
1223	0	-2	8	47
1228	0	-2	9	47
1228	0	-1	-7	47
1223	0	-1	-6	47
1223	0	-1	-5	47
1223	0	-1	-4	47
1223	0	-1	-3	47
1223	0	-1	-2	47
1223	0	-1	-1	47
1223	0	-1	0	47
1223	0	-1	1	47
1223	0	-1	2	47
1223	0	-1	3	47
1223	0	-1	4	47
1223	0	-1	5	47
1223	0	-1	6	47
1223	0	-1	7	47
1223	0	-1	8	47
1228	0	-1	9	47
1223	0	0	-7	47
1223	0	0	-6	47
1223	0	0	-5	47
1223	0	0	-4	47
1223	0	0	-3	47
1223	0	0	-2	47
1223	0	0	-1	47
1223	0	0	0	47
1223	0	0	1	47
1223	0	0	2	47
1223	0	0	3	47
1223	0	0	4	47
1223	0	0	5	47
1223	0	0	6	47
1223	0	0	7	47
1223	0	0	8	47
1228	0	0	9	47
1228	0	1	-7	47
1223	0	1	-6	47
1223	0	1	-5	47
1223	0	1	-4	47
1223	0	1	-3	47
1223	0	1	-2	47
1223	0	1	-1	47
1223	0	1	0	47
1223	0	1	1	47
1223	0	1	2	47
1223	0	1	3	47
1223	0	1	4	47
1223	0	1	5	47
1223	0	1	6	47
1223	0	1	7	47
1223	0	1	8	47
1228	0	1	9	47
1228	0	2	-7	47
1223	0	2	-6	47
1223	0	2	-5	47
1223	0	2	-4	47
1223	0	2	-3	47
1223	0	2	-2	47
1223	0	2	-1	47
1223	0	2	0	47
1223	0	2	1	47
1223	0	2	2	47
1223	0	2	3	47
1223	0	2	4	47
1223	0	2	5	47
1223	0	2	6	47
1223	0	2	7	47
1223	0	2	8	47
1228	0	2	9	47
1228	0	3	-7	47
1223	0	3	-6	47
1223	0	3	-5	47
1223	0	3	-4	47
1223	0	3	-3	47
1223	0	3	-2	47
1223	0	3	-1	47
1223	0	3	0	47
1223	0	3	1	47
1223	0	3	2	47
1223	0	3	3	47
1223	0	3	4	47
1223	0	3	5	47
1223	0	3	6	47
1223	0	3	7	47
1223	0	3	8	47
1228	0	3	9	47
1235	0	4	-7	47
1223	0	4	-6	47
1230	0	4	-5	47
1230	0	4	-4	47
1230	0	4	-3	47
1230	0	4	-2	47
1230	0	4	-1	47
1230	0	4	0	47
1230	0	4	1	47
1230	0	4	2	47
1230	0	4	3	47
1230	0	4	4	47
1230	0	4	5	47
1230	0	4	6	47
1230	0	4	7	47
1230	0	4	8	47
1234	0	4	9	47
169	0	-8	-8	7
170	0	-8	-7	7
167	0	-8	-6	7
167	0	-8	-5	7
167	0	-8	-4	7
167	0	-8	-3	7
167	0	-8	-2	7
167	0	-8	-1	7
167	0	-8	0	7
167	0	-8	1	7
167	0	-8	2	7
167	0	-8	3	7
167	0	-8	4	7
167	0	-8	5	7
167	0	-8	6	7
167	0	-8	7	7
167	0	-8	8	7
172	0	-8	9	7
168	0	-7	-8	7
168	0	-7	9	7
168	0	-6	-8	7
168	0	-6	9	7
168	0	-5	-8	7
168	0	-5	9	7
168	0	-4	-8	7
168	0	-3	-8	7
168	0	-2	-8	7
168	0	-2	9	7
168	0	-1	-8	7
168	0	-1	9	7
168	0	0	-8	7
168	0	0	9	7
168	0	1	-8	7
168	0	1	9	7
173	0	2	-8	7
167	0	2	-7	7
167	0	2	-6	7
167	0	2	-5	7
167	0	2	-4	7
167	0	2	-3	7
167	0	2	-2	7
167	0	2	-1	7
167	0	2	0	7
167	0	2	1	7
167	0	2	2	7
167	0	2	3	7
167	0	2	4	7
167	0	2	5	7
167	0	2	6	7
167	0	2	7	7
167	0	2	8	7
166	0	2	9	7
948	0	3	-8	7
169	0	3	-7	7
169	0	3	0	7
177	0	3	8	7
948	0	3	9	7
948	0	4	-8	7
948	0	4	9	7
948	0	5	-8	7
948	0	6	-8	7
948	0	7	-8	7
948	0	7	9	7
948	0	8	-8	7
177	0	8	-7	7
177	0	8	0	7
169	0	8	8	7
948	0	8	9	7
948	0	9	-8	7
949	0	9	-7	7
949	0	9	-6	7
949	0	9	-5	7
949	0	9	-4	7
949	0	9	-3	7
949	0	9	-2	7
949	0	9	-1	7
949	0	9	0	7
949	0	9	1	7
949	0	9	2	7
949	0	9	3	7
949	0	9	4	7
949	0	9	5	7
949	0	9	6	7
949	0	9	7	7
949	0	9	8	7
947	0	9	9	7
170	0	-8	-7	27
167	0	-8	-6	27
167	0	-8	-5	27
167	0	-8	-4	27
167	0	-8	-3	27
167	0	-8	-2	27
167	0	-8	-1	27
167	0	-8	0	27
167	0	-8	1	27
167	0	-8	2	27
167	0	-8	3	27
167	0	-8	4	27
167	0	-8	5	27
167	0	-8	6	27
167	0	-8	7	27
167	0	-8	8	27
172	0	-8	9	27
168	0	-7	-8	27
168	0	-7	9	27
168	0	-6	-8	27
168	0	-6	9	27
168	0	-5	-8	27
168	0	-5	9	27
168	0	-4	-8	27
168	0	-4	9	27
168	0	-3	-8	27
168	0	-3	9	27
168	0	-2	-8	27
168	0	-2	9	27
168	0	-1	-8	27
168	0	-1	9	27
168	0	0	-8	27
168	0	0	9	27
168	0	1	-8	27
168	0	1	9	27
168	0	2	-8	27
168	0	2	9	27
168	0	3	-8	27
168	0	3	9	27
168	0	4	-8	27
167	0	4	-7	27
167	0	4	-6	27
167	0	4	-5	27
167	0	4	-4	27
167	0	4	-3	27
167	0	4	-2	27
167	0	4	-1	27
167	0	4	2	27
167	0	4	3	27
167	0	4	4	27
167	0	4	5	27
167	0	4	6	27
167	0	4	7	27
167	0	4	8	27
166	0	4	9	27
191	0	5	-8	27
191	0	5	9	27
191	0	6	-8	27
191	0	6	9	27
191	0	7	-8	27
191	0	7	9	27
191	0	8	-8	27
191	0	8	9	27
191	0	9	-8	27
190	0	9	-7	27
190	0	9	-6	27
190	0	9	-5	27
190	0	9	-4	27
190	0	9	-3	27
190	0	9	-2	27
190	0	9	-1	27
190	0	9	0	27
190	0	9	1	27
190	0	9	2	27
190	0	9	3	27
190	0	9	4	27
190	0	9	5	27
190	0	9	6	27
190	0	9	7	27
190	0	9	8	27
189	0	9	9	27
1073754365	1122	1155	2166	792	0	1
1	0	0	0	0
68	0	-8	-8	0
67	0	-8	-7	0
67	0	-8	-6	0
67	0	-8	-5	0
67	0	-8	-4	0
67	0	-8	-3	0
67	0	-8	-2	0
67	0	-8	-1	0
67	0	-8	0	0
67	0	-8	1	0
67	0	-8	2	0
67	0	-8	3	0
67	0	-8	4	0
67	0	-8	5	0
67	0	-8	6	0
67	0	-8	7	0
67	0	-8	8	0
67	0	-8	9	0
66	0	-7	-8	0
66	0	-7	9	0
17261	0	-7	10	0
66	0	-6	-8	0
66	0	-6	9	0
17248	0	-6	10	0
66	0	-5	-8	0
66	0	-5	9	0
17248	0	-5	10	0
66	0	-4	-8	0
66	0	-4	9	0
17248	0	-4	10	0
66	0	-3	-8	0
66	0	-3	9	0
17260	0	-3	10	0
66	0	-2	-8	0
66	0	-2	9	0
66	0	-1	-8	0
66	0	-1	9	0
66	0	0	-8	0
1	0	0	0	0
66	0	0	9	0
66	0	1	-8	0
66	0	1	9	0
66	0	2	-8	0
66	0	2	9	0
66	0	3	-8	0
66	0	3	9	0
66	0	4	-8	0
66	0	4	9	0
66	0	5	-8	0
66	0	5	9	0
17261	0	5	10	0
66	0	6	-8	0
66	0	6	9	0
17248	0	6	10	0
66	0	7	-8	0
66	0	7	9	0
17248	0	7	10	0
66	0	8	-8	0
66	0	8	9	0
17260	0	8	10	0
66	0	9	-8	0
67	0	9	-7	0
67	0	9	-6	0
67	0	9	-5	0
67	0	9	-4	0
67	0	9	-3	0
67	0	9	-2	0
67	0	9	-1	0
67	0	9	0	0
67	0	9	1	0
67	0	9	2	0
67	0	9	3	0
67	0	9	4	0
67	0	9	5	0
67	0	9	6	0
67	0	9	7	0
67	0	9	8	0
65	0	9	9	0
16529	0	-7	-7	7
16529	0	-7	-6	7
16529	0	-7	-5	7
16529	0	-7	-4	7
16529	0	-7	-3	7
16529	0	-7	-2	7
16529	0	-7	-1	7
16529	0	-7	0	7
16529	0	-7	1	7
16529	0	-7	2	7
16529	0	-7	3	7
16529	0	-7	4	7
16529	0	-7	6	7
16529	0	-7	7	7
16529	0	-7	8	7
16529	0	-7	9	7
16529	0	-6	-7	7
16529	0	-6	-6	7
16529	0	-6	-5	7
16529	0	-6	-4	7
16529	0	-6	-3	7
16529	0	-6	-2	7
16529	0	-6	-1	7
16529	0	-6	0	7
16529	0	-6	1	7
16529	0	-6	2	7
16529	0	-6	3	7
16529	0	-6	4	7
16529	0	-6	5	7
16529	0	-6	6	7
16529	0	-6	7	7
16529	0	-6	8	7
16529	0	-5	-7	7
16529	0	-5	-6	7
16529	0	-5	-5	7
16529	0	-5	-4	7
16529	0	-5	-3	7
16529	0	-5	-2	7
16529	0	-5	-1	7
16529	0	-5	0	7
16529	0	-5	1	7
16529	0	-5	2	7
16529	0	-5	3	7
16529	0	-5	4	7
16529	0	-5	5	7
16529	0	-5	6	7
16529	0	-5	7	7
16529	0	-5	8	7
16529	0	-4	-7	7
16529	0	-4	-6	7
16529	0	-4	-5	7
16529	0	-4	-4	7
16529	0	-4	-3	7
16529	0	-4	-2	7
16529	0	-4	-1	7
16529	0	-4	0	7
16529	0	-4	1	7
16529	0	-4	2	7
16529	0	-4	3	7
16529	0	-4	4	7
16529	0	-4	5	7
16529	0	-4	6	7
16529	0	-4	7	7
16529	0	-4	8	7
16529	0	-3	-7	7
16529	0	-3	-6	7
16529	0	-3	-5	7
16529	0	-3	-4	7
16529	0	-3	-3	7
16529	0	-3	-2	7
16529	0	-3	-1	7
16529	0	-3	0	7
16529	0	-3	1	7
16529	0	-3	2	7
16529	0	-3	3	7
16529	0	-3	4	7
16529	0	-3	5	7
16529	0	-3	6	7
16529	0	-3	7	7
16529	0	-3	8	7
16529	0	-3	9	7
16529	0	-2	-7	7
16529	0	-2	-6	7
16529	0	-2	-5	7
16529	0	-2	-4	7
16529	0	-2	-3	7
16529	0	-2	-2	7
16529	0	-2	-1	7
16529	0	-2	0	7
16529	0	-2	1	7
16529	0	-2	2	7
16529	0	-2	3	7
16529	0	-2	4	7
16529	0	-2	5	7
16529	0	-2	6	7
16529	0	-2	7	7
16529	0	-2	8	7
16529	0	-2	9	7
16529	0	-1	-7	7
16529	0	-1	-6	7
16529	0	-1	-5	7
16529	0	-1	-4	7
16529	0	-1	-3	7
16529	0	-1	-2	7
16529	0	-1	-1	7
16529	0	-1	0	7
16529	0	-1	1	7
16529	0	-1	2	7
16529	0	-1	3	7
16529	0	-1	4	7
16529	0	-1	5	7
16529	0	-1	6	7
16529	0	-1	7	7
16529	0	-1	8	7
16529	0	-1	9	7
16529	0	0	-7	7
16529	0	0	-6	7
16529	0	0	-5	7
16529	0	0	-4	7
16529	0	0	-3	7
16529	0	0	-2	7
16529	0	0	-1	7
16529	0	0	0	7
16529	0	0	1	7
16529	0	0	2	7
16529	0	0	3	7
16529	0	0	4	7
16529	0	0	5	7
16529	0	0	6	7
16529	0	0	7	7
16529	0	0	8	7
16529	0	0	9	7
16529	0	1	-7	7
16529	0	1	-6	7
16529	0	1	-5	7
16529	0	1	-4	7
16529	0	1	-3	7
16529	0	1	-2	7
16529	0	1	-1	7
16529	0	1	0	7
16529	0	1	1	7
16529	0	1	2	7
16529	0	1	3	7
16529	0	1	4	7
16529	0	1	5	7
16529	0	1	6	7
16529	0	1	7	7
16529	0	1	8	7
16529	0	1	9	7
16529	0	2	-7	7
16529	0	2	-6	7
16529	0	2	-5	7
16529	0	2	-4	7
16529	0	2	-3	7
16529	0	2	-2	7
16529	0	2	-1	7
16529	0	2	0	7
16529	0	2	1	7
16529	0	2	2	7
16529	0	2	3	7
16529	0	2	4	7
16529	0	2	5	7
16529	0	2	6	7
16529	0	2	7	7
16529	0	2	8	7
16529	0	2	9	7
16529	0	3	-7	7
16529	0	3	-6	7
16529	0	3	-5	7
16529	0	3	-4	7
16529	0	3	-3	7
16529	0	3	-2	7
16529	0	3	-1	7
16529	0	3	0	7
16529	0	3	1	7
16529	0	3	2	7
16529	0	3	3	7
16529	0	3	4	7
16529	0	3	5	7
16529	0	3	6	7
16529	0	3	7	7
16529	0	3	8	7
16529	0	3	9	7
16529	0	4	-7	7
16529	0	4	-6	7
16529	0	4	-5	7
16529	0	4	-4	7
16529	0	4	-3	7
16529	0	4	-2	7
16529	0	4	-1	7
16529	0	4	0	7
16529	0	4	1	7
16529	0	4	2	7
16529	0	4	3	7
16529	0	4	4	7
16529	0	4	5	7
16529	0	4	6	7
16529	0	4	7	7
16529	0	4	8	7
16529	0	4	9	7
16529	0	5	-7	7
16529	0	5	-6	7
16529	0	5	-5	7
16529	0	5	-4	7
16529	0	5	-3	7
16529	0	5	-2	7
16529	0	5	-1	7
16529	0	5	0	7
16529	0	5	1	7
16529	0	5	2	7
16529	0	5	3	7
16529	0	5	4	7
16529	0	5	5	7
16529	0	5	6	7
16529	0	5	7	7
16529	0	5	8	7
16529	0	5	9	7
16529	0	6	-7	7
16529	0	6	-6	7
16529	0	6	-5	7
16529	0	6	-4	7
16529	0	6	-3	7
16529	0	6	-2	7
16529	0	6	-1	7
16529	0	6	0	7
16529	0	6	1	7
16529	0	6	2	7
16529	0	6	3	7
16529	0	6	4	7
16529	0	6	5	7
16529	0	6	6	7
16529	0	6	7	7
16529	0	6	8	7
16529	0	7	-7	7
16529	0	7	-6	7
16529	0	7	-5	7
16529	0	7	-4	7
16529	0	7	-3	7
16529	0	7	-2	7
16529	0	7	-1	7
16529	0	7	0	7
16529	0	7	1	7
16529	0	7	2	7
16529	0	7	3	7
16529	0	7	4	7
16529	0	7	5	7
16529	0	7	6	7
16529	0	7	7	7
16529	0	7	8	7
16529	0	8	-7	7
16529	0	8	-6	7
16529	0	8	-5	7
16529	0	8	-4	7
16529	0	8	-3	7
16529	0	8	-2	7
16529	0	8	-1	7
16529	0	8	0	7
16529	0	8	1	7
16529	0	8	2	7
16529	0	8	3	7
16529	0	8	4	7
16529	0	8	5	7
16529	0	8	6	7
16529	0	8	7	7
16529	0	8	8	7
16529	0	8	9	7
16529	0	9	-7	7
16529	0	9	-6	7
16529	0	9	-5	7
16529	0	9	-4	7
16529	0	9	-3	7
16529	0	9	-2	7
16529	0	9	-1	7
16529	0	9	0	7
16529	0	9	1	7
16529	0	9	2	7
16529	0	9	3	7
16529	0	9	4	7
16529	0	9	5	7
16529	0	9	6	7
16529	0	9	7	7
16529	0	9	8	7
16529	0	9	9	7
16530	0	-7	-7	27
16530	0	-7	-6	27
16530	0	-7	-5	27
16530	0	-7	-4	27
16530	0	-7	-3	27
16530	0	-7	-2	27
16530	0	-7	-1	27
16530	0	-7	0	27
16530	0	-7	1	27
16530	0	-7	2	27
16530	0	-7	3	27
16530	0	-7	4	27
16530	0	-7	5	27
16530	0	-7	6	27
16530	0	-7	7	27
16530	0	-7	8	27
16530	0	-7	9	27
16530	0	-6	-7	27
16530	0	-6	-6	27
16530	0	-6	-5	27
16530	0	-6	-4	27
16530	0	-6	-3	27
16530	0	-6	-2	27
16530	0	-6	-1	27
16530	0	-6	0	27
16530	0	-6	1	27
16530	0	-6	2	27
16530	0	-6	3	27
16530	0	-6	4	27
16530	0	-6	5	27
16530	0	-6	6	27
16530	0	-6	7	27
16530	0	-6	8	27
16530	0	-6	9	27
16530	0	-5	-7	27
16530	0	-5	-6	27
16530	0	-5	-5	27
16530	0	-5	-4	27
16530	0	-5	-3	27
16530	0	-5	-2	27
16530	0	-5	-1	27
16530	0	-5	0	27
16530	0	-5	1	27
16530	0	-5	2	27
16530	0	-5	3	27
16530	0	-5	4	27
16530	0	-5	5	27
16530	0	-5	6	27
16530	0	-5	7	27
16530	0	-5	8	27
16530	0	-5	9	27
16530	0	-4	-7	27
16530	0	-4	-6	27
16530	0	-4	-5	27
16530	0	-4	-4	27
16530	0	-4	-3	27
16530	0	-4	-2	27
16530	0	-4	-1	27
16530	0	-4	0	27
16530	0	-4	1	27
16530	0	-4	2	27
16530	0	-4	3	27
16530	0	-4	4	27
16530	0	-4	5	27
16530	0	-4	6	27
16530	0	-4	7	27
16530	0	-4	8	27
16530	0	-4	9	27
16530	0	-3	-7	27
16530	0	-3	-6	27
16530	0	-3	-5	27
16530	0	-3	-4	27
16530	0	-3	-3	27
16530	0	-3	-2	27
16530	0	-3	-1	27
16530	0	-3	0	27
16530	0	-3	1	27
16530	0	-3	2	27
16530	0	-3	3	27
16530	0	-3	4	27
16530	0	-3	5	27
16530	0	-3	6	27
16530	0	-3	7	27
16530	0	-3	8	27
16530	0	-3	9	27
16530	0	-2	-7	27
16530	0	-2	-6	27
16530	0	-2	-5	27
16530	0	-2	-4	27
16530	0	-2	-3	27
16530	0	-2	-2	27
16530	0	-2	-1	27
16530	0	-2	0	27
16530	0	-2	1	27
16530	0	-2	2	27
16530	0	-2	3	27
16530	0	-2	4	27
16530	0	-2	5	27
16530	0	-2	6	27
16530	0	-2	7	27
16530	0	-2	8	27
16530	0	-2	9	27
16530	0	-1	-7	27
16530	0	-1	-6	27
16530	0	-1	-5	27
16530	0	-1	-4	27
16530	0	-1	-3	27
16530	0	-1	-2	27
16530	0	-1	-1	27
16530	0	-1	0	27
16530	0	-1	1	27
16530	0	-1	2	27
16530	0	-1	3	27
16530	0	-1	4	27
16530	0	-1	5	27
16530	0	-1	6	27
16530	0	-1	7	27
16530	0	-1	8	27
16530	0	-1	9	27
16530	0	0	-7	27
16530	0	0	-6	27
16530	0	0	-5	27
16530	0	0	-4	27
16530	0	0	-3	27
16530	0	0	-2	27
16530	0	0	-1	27
16530	0	0	0	27
16530	0	0	1	27
16530	0	0	2	27
16530	0	0	3	27
16530	0	0	4	27
16530	0	0	5	27
16530	0	0	6	27
16530	0	0	7	27
16530	0	0	8	27
16530	0	0	9	27
16530	0	1	-7	27
16530	0	1	-6	27
16530	0	1	-5	27
16530	0	1	-4	27
16530	0	1	-3	27
16530	0	1	-2	27
16530	0	1	-1	27
16530	0	1	0	27
16530	0	1	1	27
16530	0	1	2	27
16530	0	1	3	27
16530	0	1	4	27
16530	0	1	5	27
16530	0	1	6	27
16530	0	1	7	27
16530	0	1	8	27
16530	0	1	9	27
16530	0	2	-7	27
16530	0	2	-6	27
16530	0	2	-5	27
16530	0	2	-4	27
16530	0	2	-3	27
16530	0	2	-2	27
16530	0	2	-1	27
16530	0	2	0	27
16530	0	2	1	27
16530	0	2	2	27
16530	0	2	3	27
16530	0	2	4	27
16530	0	2	5	27
16530	0	2	6	27
16530	0	2	7	27
16530	0	2	8	27
16530	0	2	9	27
16530	0	3	-7	27
16530	0	3	-6	27
16530	0	3	-5	27
16530	0	3	-4	27
16530	0	3	-3	27
16530	0	3	-2	27
16530	0	3	-1	27
16530	0	3	0	27
16530	0	3	1	27
16530	0	3	2	27
16530	0	3	3	27
16530	0	3	4	27
16530	0	3	5	27
16530	0	3	6	27
16530	0	3	7	27
16530	0	3	8	27
16530	0	3	9	27
16530	0	4	-7	27
16530	0	4	-6	27
16530	0	4	-5	27
16530	0	4	-4	27
16530	0	4	-3	27
16530	0	4	-2	27
16530	0	4	-1	27
16530	0	4	0	27
16530	0	4	1	27
16530	0	4	2	27
16530	0	4	3	27
16530	0	4	4	27
16530	0	4	5	27
16530	0	4	6	27
16530	0	4	7	27
16530	0	4	8	27
16530	0	4	9	27
16530	0	5	-7	27
16530	0	5	-6	27
16530	0	5	-5	27
16530	0	5	-4	27
16530	0	5	-3	27
16530	0	5	-2	27
16530	0	5	-1	27
16530	0	5	0	27
16530	0	5	1	27
16530	0	5	2	27
16530	0	5	3	27
16530	0	5	4	27
16530	0	5	5	27
16530	0	5	6	27
16530	0	5	7	27
16530	0	5	8	27
16530	0	5	9	27
16530	0	6	-7	27
16530	0	6	-6	27
16530	0	6	-5	27
16530	0	6	-4	27
16530	0	6	-3	27
16530	0	6	-2	27
16530	0	6	-1	27
16530	0	6	0	27
16530	0	6	1	27
16530	0	6	2	27
16530	0	6	3	27
16530	0	6	4	27
16530	0	6	5	27
16530	0	6	6	27
16530	0	6	7	27
16530	0	6	8	27
16530	0	6	9	27
16530	0	7	-7	27
16530	0	7	-6	27
16530	0	7	-5	27
16530	0	7	-4	27
16530	0	7	-3	27
16530	0	7	-2	27
16530	0	7	-1	27
16530	0	7	0	27
16530	0	7	1	27
16530	0	7	2	27
16530	0	7	3	27
16530	0	7	4	27
16530	0	7	5	27
16530	0	7	6	27
16530	0	7	7	27
16530	0	7	8	27
16530	0	7	9	27
16530	0	8	-7	27
16530	0	8	-6	27
16530	0	8	-5	27
16530	0	8	-4	27
16530	0	8	-3	27
16530	0	8	-2	27
16530	0	8	-1	27
16530	0	8	0	27
16530	0	8	1	27
16530	0	8	2	27
16530	0	8	3	27
16530	0	8	4	27
16530	0	8	5	27
16530	0	8	6	27
16530	0	8	7	27
16530	0	8	8	27
16530	0	8	9	27
16530	0	9	-7	27
16530	0	9	-6	27
16530	0	9	-5	27
16530	0	9	-4	27
16530	0	9	-3	27
16530	0	9	-2	27
16530	0	9	-1	27
16530	0	9	0	27
16530	0	9	1	27
16530	0	9	2	27
16530	0	9	3	27
16530	0	9	4	27
16530	0	9	5	27
16530	0	9	6	27
16530	0	9	7	27
16530	0	9	8	27
16530	0	9	9	27
1314	0	-7	-7	47
1314	0	-7	-6	47
1314	0	-7	-5	47
1314	0	-7	-4	47
1314	0	-7	-3	47
1314	0	-7	-2	47
1314	0	-7	-1	47
1314	0	-7	0	47
1314	0	-7	1	47
1314	0	-7	2	47
1314	0	-7	3	47
1314	0	-7	4	47
1314	0	-7	5	47
1314	0	-7	6	47
1314	0	-7	7	47
1314	0	-7	8	47
1314	0	-7	9	47
1314	0	-6	-7	47
1314	0	-6	-6	47
1314	0	-6	-5	47
1314	0	-6	-4	47
1314	0	-6	-3	47
1314	0	-6	-2	47
1314	0	-6	-1	47
1314	0	-6	0	47
1314	0	-6	1	47
1314	0	-6	2	47
1314	0	-6	3	47
1314	0	-6	4	47
1314	0	-6	5	47
1314	0	-6	6	47
1314	0	-6	7	47
1314	0	-6	8	47
1314	0	-6	9	47
1314	0	-5	-7	47
1314	0	-5	-6	47
1314	0	-5	-5	47
1314	0	-5	-4	47
1314	0	-5	-3	47
1314	0	-5	-2	47
1314	0	-5	-1	47
1314	0	-5	0	47
1314	0	-5	1	47
1314	0	-5	2	47
1314	0	-5	3	47
1314	0	-5	4	47
1314	0	-5	5	47
1314	0	-5	6	47
1314	0	-5	7	47
1314	0	-5	8	47
1314	0	-5	9	47
1314	0	-4	-7	47
1314	0	-4	-6	47
1314	0	-4	-5	47
1314	0	-4	-4	47
1314	0	-4	-3	47
1314	0	-4	-2	47
1314	0	-4	-1	47
1314	0	-4	0	47
1314	0	-4	1	47
1314	0	-4	2	47
1314	0	-4	3	47
1314	0	-4	4	47
1314	0	-4	5	47
1314	0	-4	6	47
1314	0	-4	7	47
1314	0	-4	8	47
1314	0	-4	9	47
1314	0	-3	-7	47
1314	0	-3	-6	47
1314	0	-3	-5	47
1314	0	-3	-4	47
1314	0	-3	-3	47
1314	0	-3	-2	47
1314	0	-3	-1	47
1314	0	-3	0	47
1314	0	-3	1	47
1314	0	-3	2	47
1314	0	-3	3	47
1314	0	-3	4	47
1314	0	-3	5	47
1314	0	-3	6	47
1314	0	-3	7	47
1314	0	-3	8	47
1314	0	-3	9	47
1314	0	-2	-7	47
1314	0	-2	-6	47
1314	0	-2	-5	47
1314	0	-2	-4	47
1314	0	-2	-3	47
1314	0	-2	-2	47
1314	0	-2	-1	47
1314	0	-2	0	47
1314	0	-2	1	47
1314	0	-2	2	47
1314	0	-2	3	47
1314	0	-2	4	47
1314	0	-2	5	47
1314	0	-2	6	47
1314	0	-2	7	47
1314	0	-2	8	47
1314	0	-2	9	47
1314	0	-1	-7	47
1314	0	-1	-6	47
1314	0	-1	-5	47
1314	0	-1	-4	47
1314	0	-1	-3	47
1314	0	-1	-2	47
1314	0	-1	-1	47
1314	0	-1	0	47
1314	0	-1	1	47
1314	0	-1	2	47
1314	0	-1	3	47
1314	0	-1	4	47
1314	0	-1	5	47
1314	0	-1	6	47
1314	0	-1	7	47
1314	0	-1	8	47
1314	0	-1	9	47
1314	0	0	-7	47
1314	0	0	-6	47
1314	0	0	-5	47
1314	0	0	-4	47
1314	0	0	-3	47
1314	0	0	-2	47
1314	0	0	-1	47
1314	0	0	0	47
1314	0	0	1	47
1314	0	0	2	47
1314	0	0	3	47
1314	0	0	4	47
1314	0	0	5	47
1314	0	0	6	47
1314	0	0	7	47
1314	0	0	8	47
1314	0	0	9	47
1314	0	1	-7	47
1314	0	1	-6	47
1314	0	1	-5	47
1314	0	1	-4	47
1314	0	1	-3	47
1314	0	1	-2	47
1314	0	1	-1	47
1314	0	1	0	47
1314	0	1	1	47
1314	0	1	2	47
1314	0	1	3	47
1314	0	1	4	47
1314	0	1	5	47
1314	0	1	6	47
1314	0	1	7	47
1314	0	1	8	47
1314	0	1	9	47
1314	0	2	-7	47
1314	0	2	-6	47
1314	0	2	-5	47
1314	0	2	-4	47
1314	0	2	-3	47
1314	0	2	-2	47
1314	0	2	-1	47
1314	0	2	0	47
1314	0	2	1	47
1314	0	2	2	47
1314	0	2	3	47
1314	0	2	4	47
1314	0	2	5	47
1314	0	2	6	47
1314	0	2	7	47
1314	0	2	8	47
1314	0	2	9	47
1314	0	3	-7	47
1314	0	3	-6	47
1314	0	3	-5	47
1314	0	3	-4	47
1314	0	3	-3	47
1314	0	3	-2	47
1314	0	3	-1	47
1314	0	3	0	47
1314	0	3	1	47
1314	0	3	2	47
1314	0	3	3	47
1314	0	3	4	47
1314	0	3	5	47
1314	0	3	6	47
1314	0	3	7	47
1314	0	3	8	47
1314	0	3	9	47
1314	0	4	-7	47
1314	0	4	-6	47
1314	0	4	-5	47
1314	0	4	-4	47
1314	0	4	-3	47
1314	0	4	-2	47
1314	0	4	-1	47
1314	0	4	0	47
1314	0	4	1	47
1314	0	4	2	47
1314	0	4	3	47
1314	0	4	4	47
1314	0	4	5	47
1314	0	4	6	47
1314	0	4	7	47
1314	0	4	8	47
1314	0	4	9	47
1314	0	5	-7	47
1314	0	5	-6	47
1314	0	5	-5	47
1314	0	5	-4	47
1314	0	5	-3	47
1314	0	5	-2	47
1314	0	5	-1	47
1314	0	5	0	47
1314	0	5	1	47
1314	0	5	2	47
1314	0	5	3	47
1314	0	5	4	47
1314	0	5	5	47
1314	0	5	6	47
1314	0	5	7	47
1314	0	5	8	47
1314	0	5	9	47
1314	0	6	-7	47
1314	0	6	-6	47
1314	0	6	-5	47
1314	0	6	-4	47
1314	0	6	-3	47
1314	0	6	-2	47
1314	0	6	-1	47
1314	0	6	0	47
1314	0	6	1	47
1314	0	6	2	47
1314	0	6	3	47
1314	0	6	4	47
1314	0	6	5	47
1314	0	6	6	47
1314	0	6	7	47
1314	0	6	8	47
1314	0	6	9	47
1314	0	7	-7	47
1314	0	7	-6	47
1314	0	7	-5	47
1314	0	7	-4	47
1314	0	7	-3	47
1314	0	7	-2	47
1314	0	7	-1	47
1314	0	7	0	47
1314	0	7	1	47
1314	0	7	2	47
1314	0	7	3	47
1314	0	7	4	47
1314	0	7	5	47
1314	0	7	6	47
1314	0	7	7	47
1314	0	7	8	47
1314	0	7	9	47
1314	0	8	-7	47
1314	0	8	-6	47
1314	0	8	-5	47
1314	0	8	-4	47
1314	0	8	-3	47
1314	0	8	-2	47
1314	0	8	-1	47
1314	0	8	0	47
1314	0	8	1	47
1314	0	8	2	47
1314	0	8	3	47
1314	0	8	4	47
1314	0	8	5	47
1314	0	8	6	47
1314	0	8	7	47
1314	0	8	8	47
1314	0	8	9	47
1314	0	9	-7	47
1314	0	9	-6	47
1314	0	9	-5	47
1314	0	9	-4	47
1314	0	9	-3	47
1314	0	9	-2	47
1314	0	9	-1	47
1314	0	9	0	47
1314	0	9	1	47
1314	0	9	2	47
1314	0	9	3	47
1314	0	9	4	47
1314	0	9	5	47
1314	0	9	6	47
1314	0	9	7	47
1314	0	9	8	47
1314	0	9	9	47
20775	0	-8	-8	7
20751	0	-8	-7	7
20751	0	-8	-6	7
20751	0	-8	-5	7
20751	0	-8	-4	7
20751	0	-8	-3	7
20751	0	-8	-2	7
20751	0	-8	-1	7
20751	0	-8	0	7
20751	0	-8	1	7
20751	0	-8	2	7
20751	0	-8	3	7
20751	0	-8	4	7
20751	0	-8	5	7
20751	0	-8	6	7
20751	0	-8	7	7
20751	0	-8	8	7
20751	0	-8	9	7
20794	0	-7	-8	7
20759	0	-7	4	7
20775	0	-7	8	7
20778	0	-7	9	7
20794	0	-6	-8	7
20759	0	-6	4	7
20759	0	-6	8	7
20794	0	-5	-8	7
20759	0	-5	4	7
20759	0	-5	8	7
20794	0	-4	-8	7
20759	0	-4	4	7
20759	0	-4	8	7
20794	0	-3	-8	7
20759	0	-3	4	7
20797	0	-3	5	7
20797	0	-3	7	7
20778	0	-3	8	7
20751	0	-3	9	7
20794	0	-2	-8	7
20794	0	-2	9	7
20794	0	-1	-8	7
20794	0	-1	9	7
20794	0	0	-8	7
20794	0	0	9	7
20794	0	1	-8	7
20794	0	1	9	7
20794	0	2	-8	7
20794	0	2	9	7
20794	0	3	-8	7
20794	0	3	9	7
20794	0	4	-8	7
20794	0	4	9	7
20794	0	5	-8	7
20775	0	5	8	7
20778	0	5	9	7
20794	0	6	-8	7
20794	0	6	8	7
20794	0	7	-8	7
20794	0	7	8	7
20794	0	8	-8	7
20759	0	8	8	7
20751	0	8	9	7
20794	0	9	-8	7
20797	0	9	-7	7
20797	0	9	-6	7
20797	0	9	-5	7
20797	0	9	-4	7
20797	0	9	-3	7
20797	0	9	-2	7
20797	0	9	-1	7
20797	0	9	0	7
20797	0	9	1	7
20797	0	9	2	7
20797	0	9	3	7
20797	0	9	4	7
20797	0	9	5	7
20797	0	9	6	7
20797	0	9	7	7
20797	0	9	8	7
20778	0	9	9	7
20775	0	-8	-8	27
20751	0	-8	-7	27
20751	0	-8	-6	27
20751	0	-8	-5	27
20751	0	-8	-4	27
20751	0	-8	-3	27
20751	0	-8	-2	27
20751	0	-8	-1	27
20751	0	-8	0	27
20751	0	-8	1	27
20751	0	-8	2	27
20751	0	-8	3	27
20751	0	-8	4	27
20751	0	-8	5	27
20751	0	-8	6	27
20751	0	-8	7	27
20751	0	-8	8	27
20751	0	-8	9	27
20759	0	-7	-8	27
20759	0	-7	9	27
20759	0	-6	-8	27
20759	0	-6	9	27
20759	0	-5	-8	27
20759	0	-5	9	27
20759	0	-4	-8	27
20759	0	-4	9	27
20759	0	-3	-8	27
20759	0	-3	9	27
20759	0	-2	-8	27
20759	0	-2	9	27
20759	0	-1	-8	27
20759	0	-1	9	27
20759	0	0	-8	27
20759	0	0	9	27
20759	0	1	-8	27
20759	0	1	9	27
20759	0	2	-8	27
20759	0	2	9	27
20759	0	3	-8	27
20759	0	3	9	27
20759	0	4	-8	27
20759	0	4	9	27
20759	0	5	-8	27
20759	0	5	9	27
20759	0	6	-8	27
20759	0	6	9	27
20759	0	7	-8	27
20759	0	7	9	27
20759	0	8	-8	27
20759	0	8	9	27
20759	0	9	-8	27
20751	0	9	-7	27
20751	0	9	-6	27
20751	0	9	-5	27
20751	0	9	-4	27
20751	0	9	-3	27
20751	0	9	-2	27
20751	0	9	-1	27
20751	0	9	0	27
20751	0	9	1	27
20751	0	9	2	27
20751	0	9	3	27
20751	0	9	4	27
20751	0	9	5	27
20751	0	9	6	27
20751	0	9	7	27
20751	0	9	8	27
20778	0	9	9	27
20700	0	-8	-8	47
20785	0	-8	-7	47
20785	0	-8	-6	47
20785	0	-8	-5	47
20785	0	-8	-4	47
20785	0	-8	-3	47
20785	0	-8	-2	47
20785	0	-8	-1	47
20785	0	-8	0	47
20785	0	-8	1	47
20785	0	-8	2	47
20785	0	-8	3	47
20785	0	-8	4	47
20785	0	-8	5	47
20785	0	-8	6	47
20785	0	-8	7	47
20785	0	-8	8	47
20785	0	-8	9	47
20699	0	-7	-8	47
20699	0	-7	9	47
20699	0	-6	-8	47
20699	0	-6	9	47
20699	0	-5	-8	47
20699	0	-5	9	47
20699	0	-4	-8	47
20699	0	-4	9	47
20699	0	-3	-8	47
20699	0	-3	9	47
20699	0	-2	-8	47
20699	0	-2	9	47
20699	0	-1	-8	47
20699	0	-1	9	47
20699	0	0	-8	47
20699	0	0	9	47
20699	0	1	-8	47
20699	0	1	9	47
20699	0	2	-8	47
20699	0	2	9	47
20699	0	3	-8	47
20699	0	3	9	47
20699	0	4	-8	47
20699	0	4	9	47
20699	0	5	-8	47
20699	0	5	9	47
20699	0	6	-8	47
20699	0	6	9	47
20699	0	7	-8	47
20699	0	7	9	47
20699	0	8	-8	47
20699	0	8	9	47
20699	0	9	-8	47
20785	0	9	-7	47
20785	0	9	-6	47
20785	0	9	-5	47
20785	0	9	-4	47
20785	0	9	-3	47
20785	0	9	-2	47
20785	0	9	-1	47
20785	0	9	0	47
20785	0	9	1	47
20785	0	9	2	47
20785	0	9	3	47
20785	0	9	4	47
20785	0	9	5	47
20785	0	9	6	47
20785	0	9	7	47
20785	0	9	8	47
20701	0	9	9	47
1073746438	300	157	677	790	0	2
1	0	0	0	0
102	0	-4	-4	0
100	0	-4	-3	0
100	0	-4	-2	0
100	0	-4	-1	0
100	0	-4	0	0
100	0	-4	1	0
100	0	-4	2	0
100	0	-4	3	0
100	0	-4	4	0
100	0	-4	5	0
99	0	-3	-4	0
99	0	-3	5	0
1880	0	-3	6	0
99	0	-2	-4	0
99	0	-2	5	0
1873	0	-2	6	0
99	0	-1	-4	0
99	0	-1	5	0
1873	0	-1	6	0
99	0	0	-4	0
1	0	0	0	0
99	0	0	5	0
1878	0	0	6	0
99	0	1	-4	0
99	0	1	5	0
99	0	2	-4	0
99	0	2	5	0
99	0	3	-4	0
99	0	3	5	0
99	0	4	-4	0
99	0	4	5	0
99	0	5	-4	0
100	0	5	-3	0
100	0	5	-2	0
100	0	5	-1	0
100	0	5	0	0
100	0	5	1	0
100	0	5	2	0
100	0	5	3	0
100	0	5	4	0
101	0	5	5	0
1335	0	-3	-3	7
1335	0	-3	-2	7
1335	0	-3	-1	7
1335	0	-3	0	7
1335	0	-3	1	7
1335	0	-3	2	7
1335	0	-3	3	7
1335	0	-3	4	7
1335	0	-3	5	7
1335	0	-2	-3	7
1335	0	-2	-2	7
1335	0	-2	-1	7
1335	0	-2	0	7
1335	0	-2	1	7
1335	0	-2	2	7
1335	0	-2	3	7
1335	0	-2	4	7
1335	0	-2	5	7
1335	0	-1	-3	7
1335	0	-1	-2	7
1335	0	-1	-1	7
1335	0	-1	0	7
1335	0	-1	1	7
1335	0	-1	2	7
1335	0	-1	3	7
1335	0	-1	4	7
1335	0	-1	5	7
1335	0	0	-3	7
1335	0	0	-2	7
1335	0	0	-1	7
1335	0	0	0	7
1335	0	0	1	7
1335	0	0	2	7
1335	0	0	3	7
1335	0	0	4	7
1335	0	0	5	7
1335	0	1	-3	7
1335	0	1	-2	7
1335	0	1	-1	7
1335	0	1	0	7
1335	0	1	1	7
1335	0	1	2	7
1335	0	1	3	7
1335	0	1	4	7
1335	0	1	5	7
1335	0	2	-3	7
1335	0	2	-2	7
1335	0	2	-1	7
1335	0	2	0	7
1335	0	2	1	7
1335	0	2	2	7
1335	0	2	3	7
1335	0	2	4	7
1335	0	2	5	7
1335	0	3	-3	7
1335	0	3	-2	7
1335	0	3	-1	7
1335	0	3	0	7
1335	0	3	1	7
1335	0	3	2	7
1335	0	3	3	7
1335	0	3	4	7
1335	0	3	5	7
1335	0	4	-3	7
1335	0	4	-2	7
1335	0	4	-1	7
1335	0	4	0	7
1335	0	4	1	7
1335	0	4	2	7
1335	0	4	3	7
1335	0	4	4	7
1335	0	4	5	7
1335	0	5	-3	7
1335	0	5	-2	7
1335	0	5	-1	7
1335	0	5	0	7
1335	0	5	1	7
1335	0	5	2	7
1335	0	5	3	7
1335	0	5	4	7
1335	0	5	5	7
29	0	-4	-4	7
27	0	-4	-3	7
27	0	-4	-2	7
27	0	-4	-1	7
27	0	-4	0	7
27	0	-4	1	7
27	0	-4	2	7
27	0	-4	3	7
27	0	-4	4	7
32	0	-4	5	7
28	0	-3	-4	7
28	0	-3	5	7
28	0	-2	-4	7
28	0	-1	-4	7
28	0	0	-4	7
28	0	0	5	7
28	0	1	-4	7
28	0	1	5	7
28	0	2	-4	7
28	0	2	5	7
28	0	3	-4	7
28	0	3	5	7
28	0	4	-4	7
28	0	4	5	7
33	0	5	-4	7
27	0	5	-3	7
27	0	5	-2	7
27	0	5	-1	7
27	0	5	0	7
27	0	5	1	7
27	0	5	2	7
27	0	5	3	7
27	0	5	4	7
26	0	5	5	7
1073747769	198	253	665	790	0	0
1	0	0	0	0
102	0	-6	-6	0
100	0	-6	-5	0
100	0	-6	-4	0
100	0	-6	-3	0
100	0	-6	-2	0
100	0	-6	-1	0
100	0	-6	0	0
100	0	-6	1	0
100	0	-6	2	0
100	0	-6	3	0
100	0	-6	4	0
100	0	-6	5	0
100	0	-6	6	0
99	0	-5	-6	0
99	0	-5	6	0
1873	0	-5	7	0
99	0	-4	-6	0
99	0	-4	6	0
1873	0	-4	7	0
99	0	-3	-6	0
99	0	-3	6	0
1873	0	-3	7	0
99	0	-2	-6	0
99	0	-2	6	0
1873	0	-2	7	0
99	0	-1	-6	0
99	0	-1	6	0
1873	0	-1	7	0
99	0	0	-6	0
1	0	0	0	0
99	0	0	6	0
1873	0	0	7	0
99	0	1	-6	0
99	0	1	6	0
1873	0	1	7	0
99	0	2	-6	0
99	0	2	6	0
1873	0	2	7	0
99	0	3	-6	0
99	0	3	6	0
1873	0	3	7	0
99	0	4	-6	0
99	0	4	6	0
1873	0	4	7	0
99	0	5	-6	0
99	0	5	6	0
1873	0	5	7	0
99	0	6	-6	0
100	0	6	-5	0
100	0	6	-4	0
100	0	6	-3	0
100	0	6	-2	0
100	0	6	-1	0
100	0	6	0	0
100	0	6	1	0
100	0	6	2	0
100	0	6	3	0
100	0	6	4	0
100	0	6	5	0
101	0	6	6	0
1873	0	6	7	0
1250	0	-5	-5	7
1250	0	-5	-4	7
1250	0	-5	-3	7
1250	0	-5	-2	7
1250	0	-5	-1	7
1250	0	-5	0	7
1250	0	-5	1	7
1250	0	-5	2	7
1250	0	-5	3	7
1250	0	-5	4	7
1250	0	-5	5	7
1250	0	-5	6	7
1250	0	-4	-5	7
1250	0	-4	-4	7
1250	0	-4	-3	7
1250	0	-4	-2	7
1250	0	-4	-1	7
1250	0	-4	0	7
1250	0	-4	1	7
1250	0	-4	2	7
1250	0	-4	3	7
1250	0	-4	4	7
1250	0	-4	5	7
1250	0	-4	6	7
1250	0	-3	-5	7
1250	0	-3	-4	7
1250	0	-3	-3	7
1250	0	-3	-2	7
1250	0	-3	-1	7
1250	0	-3	0	7
1250	0	-3	1	7
1250	0	-3	2	7
1250	0	-3	3	7
1250	0	-3	4	7
1250	0	-3	5	7
1250	0	-3	6	7
1250	0	-2	-5	7
1250	0	-2	-4	7
1250	0	-2	-3	7
1250	0	-2	-2	7
1250	0	-2	-1	7
1250	0	-2	0	7
1250	0	-2	1	7
1250	0	-2	2	7
1250	0	-2	3	7
1250	0	-2	4	7
1250	0	-2	5	7
1250	0	-2	6	7
1250	0	-1	-5	7
1250	0	-1	-4	7
1250	0	-1	-3	7
1250	0	-1	-2	7
1250	0	-1	-1	7
1250	0	-1	0	7
1250	0	-1	1	7
1250	0	-1	2	7
1250	0	-1	3	7
1250	0	-1	4	7
1250	0	-1	5	7
1250	0	-1	6	7
1250	0	0	-5	7
1250	0	0	-4	7
1250	0	0	-3	7
1250	0	0	-2	7
1250	0	0	-1	7
1250	0	0	0	7
1250	0	0	1	7
1250	0	0	2	7
1250	0	0	3	7
1250	0	0	4	7
1250	0	0	5	7
1250	0	0	6	7
1250	0	1	-5	7
1250	0	1	-4	7
1250	0	1	-3	7
1250	0	1	-2	7
1250	0	1	-1	7
1250	0	1	0	7
1250	0	1	1	7
1250	0	1	2	7
1250	0	1	3	7
1250	0	1	4	7
1250	0	1	5	7
1250	0	1	6	7
1250	0	2	-5	7
1250	0	2	-4	7
1250	0	2	-3	7
1250	0	2	-2	7
1250	0	2	-1	7
1250	0	2	0	7
1250	0	2	1	7
1250	0	2	2	7
1250	0	2	3	7
1250	0	2	4	7
1250	0	2	5	7
1250	0	2	6	7
1250	0	3	-5	7
1250	0	3	-4	7
1250	0	3	-3	7
1250	0	3	-2	7
1250	0	3	-1	7
1250	0	3	0	7
1250	0	3	1	7
1250	0	3	2	7
1250	0	3	3	7
1250	0	3	4	7
1250	0	3	5	7
1250	0	3	6	7
1250	0	4	-5	7
1250	0	4	-4	7
1250	0	4	-3	7
1250	0	4	-2	7
1250	0	4	-1	7
1250	0	4	0	7
1250	0	4	1	7
1250	0	4	2	7
1250	0	4	3	7
1250	0	4	4	7
1250	0	4	5	7
1250	0	4	6	7
1250	0	5	-5	7
1250	0	5	-4	7
1250	0	5	-3	7
1250	0	5	-2	7
1250	0	5	-1	7
1250	0	5	0	7
1250	0	5	1	7
1250	0	5	2	7
1250	0	5	3	7
1250	0	5	4	7
1250	0	5	5	7
1250	0	5	6	7
1250	0	6	-5	7
1250	0	6	-4	7
1250	0	6	-3	7
1250	0	6	-2	7
1250	0	6	-1	7
1250	0	6	0	7
1250	0	6	1	7
1250	0	6	2	7
1250	0	6	3	7
1250	0	6	4	7
1250	0	6	5	7
1250	0	6	6	7
29	0	-6	-6	7
27	0	-6	-5	7
27	0	-6	-4	7
27	0	-6	-3	7
27	0	-6	-2	7
27	0	-6	-1	7
27	0	-6	0	7
27	0	-6	1	7
27	0	-6	2	7
27	0	-6	3	7
27	0	-6	4	7
27	0	-6	5	7
32	0	-6	6	7
28	0	-5	-6	7
28	0	-5	6	7
28	0	-4	-6	7
28	0	-3	-6	7
28	0	-3	6	7
28	0	-2	-6	7
28	0	-2	6	7
28	0	-1	-6	7
28	0	-1	6	7
28	0	0	-6	7
28	0	0	6	7
28	0	1	-6	7
28	0	1	6	7
28	0	2	-6	7
28	0	2	6	7
28	0	3	-6	7
28	0	3	6	7
28	0	4	-6	7
28	0	4	6	7
28	0	5	-6	7
28	0	5	6	7
33	0	6	-6	7
27	0	6	-5	7
27	0	6	-4	7
27	0	6	-3	7
27	0	6	-2	7
27	0	6	-1	7
27	0	6	0	7
27	0	6	1	7
27	0	6	2	7
27	0	6	3	7
27	0	6	4	7
27	0	6	5	7
26	0	6	6	7
1073743886	0	206	1464	863	0	-11
1	0	0	0	0
102	0	-6	-6	0
100	0	-6	-5	0
100	0	-6	-4	0
100	0	-6	-3	0
100	0	-6	-2	0
100	0	-6	-1	0
100	0	-6	0	0
100	0	-6	1	0
100	0	-6	2	0
100	0	-6	3	0
100	0	-6	4	0
100	0	-6	5	0
100	0	-6	6	0
99	0	-5	-6	0
99	0	-5	6	0
1873	0	-5	7	0
99	0	-4	-6	0
99	0	-4	6	0
1873	0	-4	7	0
99	0	-3	-6	0
99	0	-3	6	0
1873	0	-3	7	0
99	0	-2	-6	0
99	0	-2	6	0
1873	0	-2	7	0
99	0	-1	-6	0
99	0	-1	6	0
1873	0	-1	7	0
99	0	0	-6	0
1	0	0	0	0
99	0	0	6	0
1873	0	0	7	0
99	0	1	-6	0
99	0	1	6	0
1873	0	1	7	0
99	0	2	-6	0
99	0	2	6	0
1873	0	2	7	0
99	0	3	-6	0
99	0	3	6	0
1873	0	3	7	0
99	0	4	-6	0
99	0	4	6	0
1873	0	4	7	0
99	0	5	-6	0
99	0	5	6	0
1873	0	5	7	0
99	0	6	-6	0
100	0	6	-5	0
100	0	6	-4	0
100	0	6	-3	0
100	0	6	-2	0
100	0	6	-1	0
100	0	6	0	0
100	0	6	1	0
100	0	6	2	0
100	0	6	3	0
100	0	6	4	0
100	0	6	5	0
101	0	6	6	0
1873	0	6	7	0
12788	0	-5	-5	7
12788	0	-5	-4	7
12788	0	-5	-3	7
12788	0	-5	-2	7
12788	0	-5	-1	7
12788	0	-5	0	7
12788	0	-5	1	7
12788	0	-5	2	7
12788	0	-5	3	7
12788	0	-5	4	7
12788	0	-5	5	7
12788	0	-5	6	7
12788	0	-4	-5	7
12788	0	-4	-4	7
12788	0	-4	-3	7
12788	0	-4	-2	7
12788	0	-4	-1	7
12788	0	-4	0	7
12788	0	-4	1	7
12788	0	-4	2	7
12788	0	-4	3	7
12788	0	-4	4	7
12788	0	-4	5	7
12788	0	-4	6	7
12788	0	-3	-5	7
12788	0	-3	-4	7
12788	0	-3	-3	7
12788	0	-3	-2	7
12788	0	-3	-1	7
12788	0	-3	0	7
12788	0	-3	1	7
12788	0	-3	2	7
12788	0	-3	3	7
12788	0	-3	4	7
12788	0	-3	5	7
12788	0	-3	6	7
12788	0	-2	-5	7
12788	0	-2	-4	7
12788	0	-2	-3	7
12788	0	-2	-2	7
12788	0	-2	-1	7
12788	0	-2	0	7
12788	0	-2	1	7
12788	0	-2	2	7
12788	0	-2	3	7
12788	0	-2	4	7
12788	0	-2	5	7
12788	0	-2	6	7
12788	0	-1	-5	7
12788	0	-1	-4	7
12788	0	-1	-3	7
12788	0	-1	-2	7
12788	0	-1	-1	7
12788	0	-1	0	7
12788	0	-1	1	7
12788	0	-1	2	7
12788	0	-1	3	7
12788	0	-1	4	7
12788	0	-1	5	7
12788	0	-1	6	7
12788	0	0	-5	7
12788	0	0	-4	7
12788	0	0	-3	7
12788	0	0	-2	7
12788	0	0	-1	7
12788	0	0	0	7
12788	0	0	1	7
12788	0	0	2	7
12788	0	0	3	7
12788	0	0	4	7
12788	0	0	5	7
12788	0	0	6	7
12788	0	1	-5	7
12788	0	1	-4	7
12788	0	1	-3	7
12788	0	1	-2	7
12788	0	1	-1	7
12788	0	1	0	7
12788	0	1	1	7
12788	0	1	2	7
12788	0	1	3	7
12788	0	1	4	7
12788	0	1	5	7
12788	0	1	6	7
12788	0	2	-5	7
12788	0	2	-4	7
12788	0	2	-3	7
12788	0	2	-2	7
12788	0	2	-1	7
12788	0	2	0	7
12788	0	2	1	7
12788	0	2	2	7
12788	0	2	3	7
12788	0	2	4	7
12788	0	2	5	7
12788	0	2	6	7
12788	0	3	-5	7
12788	0	3	-4	7
12788	0	3	-3	7
12788	0	3	-2	7
12788	0	3	-1	7
12788	0	3	0	7
12788	0	3	1	7
12788	0	3	2	7
12788	0	3	3	7
12788	0	3	4	7
12788	0	3	5	7
12788	0	3	6	7
12788	0	4	-5	7
12788	0	4	-4	7
12788	0	4	-3	7
12788	0	4	-2	7
12788	0	4	-1	7
12788	0	4	0	7
12788	0	4	1	7
12788	0	4	2	7
12788	0	4	3	7
12788	0	4	4	7
12788	0	4	5	7
12788	0	4	6	7
12788	0	5	-5	7
12788	0	5	-4	7
12788	0	5	-3	7
12788	0	5	-2	7
12788	0	5	-1	7
12788	0	5	0	7
12788	0	5	1	7
12788	0	5	2	7
12788	0	5	3	7
12788	0	5	4	7
12788	0	5	5	7
12788	0	5	6	7
12788	0	6	-5	7
12788	0	6	-4	7
12788	0	6	-3	7
12788	0	6	-2	7
12788	0	6	-1	7
12788	0	6	0	7
12788	0	6	1	7
12788	0	6	2	7
12788	0	6	3	7
12788	0	6	4	7
12788	0	6	5	7
12788	0	6	6	7
1073877959	1626	1511	1318	2559	0	-11
1	0	0	0	0
102	0	-8	-8	0
100	0	-8	-7	0
100	0	-8	-6	0
100	0	-8	-5	0
100	0	-8	-4	0
100	0	-8	-3	0
100	0	-8	-2	0
100	0	-8	-1	0
100	0	-8	0	0
100	0	-8	1	0
100	0	-8	2	0
100	0	-8	3	0
100	0	-8	4	0
100	0	-8	5	0
100	0	-8	6	0
100	0	-8	7	0
100	0	-8	8	0
100	0	-8	9	0
99	0	-7	-8	0
99	0	-7	9	0
17261	0	-7	10	0
99	0	-6	-8	0
99	0	-6	9	0
17248	0	-6	10	0
99	0	-5	-8	0
99	0	-5	9	0
17256	0	-5	10	0
99	0	-4	-8	0
99	0	-4	9	0
99	0	-3	-8	0
99	0	-3	9	0
99	0	-2	-8	0
99	0	-2	9	0
99	0	-1	-8	0
99	0	-1	9	0
99	0	0	-8	0
1	0	0	0	0
99	0	0	9	0
99	0	1	-8	0
99	0	1	9	0
99	0	2	-8	0
99	0	2	9	0
99	0	3	-8	0
99	0	3	9	0
99	0	4	-8	0
99	0	4	9	0
17261	0	4	10	0
99	0	5	-8	0
99	0	5	9	0
17248	0	5	10	0
99	0	6	-8	0
99	0	6	9	0
17248	0	6	10	0
99	0	7	-8	0
99	0	7	9	0
17248	0	7	10	0
99	0	8	-8	0
99	0	8	9	0
17256	0	8	10	0
99	0	9	-8	0
100	0	9	-7	0
100	0	9	-6	0
100	0	9	-5	0
100	0	9	-4	0
100	0	9	-3	0
100	0	9	-2	0
100	0	9	-1	0
100	0	9	0	0
100	0	9	1	0
100	0	9	2	0
100	0	9	3	0
100	0	9	4	0
100	0	9	5	0
100	0	9	6	0
100	0	9	7	0
100	0	9	8	0
101	0	9	9	0
39629	0	-7	-7	7
39628	0	-7	-6	7
39628	0	-7	-5	7
39628	0	-7	-4	7
39628	0	-7	-3	7
39628	0	-7	-2	7
39628	0	-7	-1	7
39628	0	-7	0	7
39628	0	-7	1	7
39628	0	-7	2	7
39628	0	-7	3	7
39628	0	-7	5	7
39628	0	-7	6	7
39628	0	-7	7	7
39628	0	-7	8	7
39627	0	-7	9	7
39632	0	-6	-7	7
39631	0	-6	-6	7
39631	0	-6	-5	7
39631	0	-6	-4	7
39631	0	-6	-3	7
39631	0	-6	-2	7
39631	0	-6	-1	7
39631	0	-6	0	7
39631	0	-6	1	7
39631	0	-6	2	7
39631	0	-6	3	7
39631	0	-6	4	7
39631	0	-6	5	7
39631	0	-6	6	7
39631	0	-6	7	7
39631	0	-6	8	7
39632	0	-5	-7	7
39631	0	-5	-6	7
39631	0	-5	-5	7
39631	0	-5	-4	7
39631	0	-5	-3	7
39631	0	-5	-2	7
39631	0	-5	-1	7
39631	0	-5	0	7
39631	0	-5	1	7
39631	0	-5	2	7
39631	0	-5	3	7
39631	0	-5	4	7
39631	0	-5	5	7
39631	0	-5	6	7
39631	0	-5	7	7
39631	0	-5	8	7
39630	0	-5	9	7
39632	0	-4	-7	7
39631	0	-4	-6	7
39631	0	-4	-5	7
39631	0	-4	-4	7
39631	0	-4	-3	7
39631	0	-4	-2	7
39631	0	-4	-1	7
39631	0	-4	0	7
39631	0	-4	1	7
39631	0	-4	2	7
39631	0	-4	3	7
39631	0	-4	4	7
39631	0	-4	5	7
39631	0	-4	6	7
39631	0	-4	7	7
39631	0	-4	8	7
39630	0	-4	9	7
39632	0	-3	-7	7
39631	0	-3	-6	7
39631	0	-3	-5	7
39631	0	-3	-4	7
39631	0	-3	-3	7
39631	0	-3	-2	7
39631	0	-3	-1	7
39631	0	-3	0	7
39631	0	-3	1	7
39631	0	-3	2	7
39631	0	-3	3	7
39631	0	-3	4	7
39631	0	-3	5	7
39631	0	-3	6	7
39631	0	-3	7	7
39631	0	-3	8	7
39630	0	-3	9	7
39632	0	-2	-7	7
39631	0	-2	-6	7
39631	0	-2	-5	7
39631	0	-2	-4	7
39631	0	-2	-3	7
39631	0	-2	-2	7
39631	0	-2	-1	7
39631	0	-2	0	7
39631	0	-2	1	7
39631	0	-2	2	7
39631	0	-2	3	7
39631	0	-2	4	7
39631	0	-2	5	7
39631	0	-2	6	7
39631	0	-2	7	7
39631	0	-2	8	7
39630	0	-2	9	7
39632	0	-1	-7	7
39631	0	-1	-6	7
39631	0	-1	-5	7
39631	0	-1	-4	7
39631	0	-1	-3	7
39631	0	-1	-2	7
39631	0	-1	-1	7
39631	0	-1	0	7
39631	0	-1	1	7
39631	0	-1	2	7
39631	0	-1	3	7
39631	0	-1	4	7
39631	0	-1	5	7
39631	0	-1	6	7
39631	0	-1	7	7
39631	0	-1	8	7
39630	0	-1	9	7
39632	0	0	-7	7
39631	0	0	-6	7
39631	0	0	-5	7
39631	0	0	-4	7
39631	0	0	-3	7
39631	0	0	-2	7
39631	0	0	-1	7
39631	0	0	0	7
39631	0	0	1	7
39631	0	0	2	7
39631	0	0	3	7
39631	0	0	4	7
39631	0	0	5	7
39631	0	0	6	7
39631	0	0	7	7
39631	0	0	8	7
39630	0	0	9	7
39632	0	1	-7	7
39631	0	1	-6	7
39631	0	1	-5	7
39631	0	1	-4	7
39631	0	1	-3	7
39631	0	1	-2	7
39631	0	1	-1	7
39631	0	1	0	7
39631	0	1	1	7
39631	0	1	2	7
39631	0	1	3	7
39631	0	1	4	7
39631	0	1	5	7
39631	0	1	6	7
39631	0	1	7	7
39631	0	1	8	7
39630	0	1	9	7
39632	0	2	-7	7
39631	0	2	-6	7
39631	0	2	-5	7
39631	0	2	-4	7
39631	0	2	-3	7
39631	0	2	-2	7
39631	0	2	-1	7
39631	0	2	0	7
39631	0	2	1	7
39631	0	2	2	7
39631	0	2	3	7
39631	0	2	4	7
39631	0	2	5	7
39631	0	2	6	7
39631	0	2	7	7
39631	0	2	8	7
39630	0	2	9	7
39632	0	3	-7	7
39631	0	3	-6	7
39631	0	3	-5	7
39631	0	3	-4	7
39631	0	3	-3	7
39631	0	3	-2	7
39631	0	3	-1	7
39631	0	3	0	7
39631	0	3	1	7
39631	0	3	2	7
39631	0	3	3	7
39631	0	3	4	7
39631	0	3	5	7
39631	0	3	6	7
39631	0	3	7	7
39631	0	3	8	7
39630	0	3	9	7
39632	0	4	-7	7
39631	0	4	-6	7
39631	0	4	-5	7
39631	0	4	-4	7
39631	0	4	-3	7
39631	0	4	-2	7
39631	0	4	-1	7
39631	0	4	0	7
39631	0	4	1	7
39631	0	4	2	7
39631	0	4	3	7
39631	0	4	4	7
39631	0	4	5	7
39631	0	4	6	7
39631	0	4	7	7
39631	0	4	8	7
39630	0	4	9	7
39632	0	5	-7	7
39631	0	5	-6	7
39631	0	5	-5	7
39631	0	5	-4	7
39631	0	5	-3	7
39631	0	5	-2	7
39631	0	5	-1	7
39631	0	5	0	7
39631	0	5	1	7
39631	0	5	2	7
39631	0	5	3	7
39631	0	5	4	7
39631	0	5	5	7
39631	0	5	6	7
39631	0	5	7	7
39631	0	5	8	7
39632	0	6	-7	7
39631	0	6	-6	7
39631	0	6	-5	7
39631	0	6	-4	7
39631	0	6	-3	7
39631	0	6	-2	7
39631	0	6	-1	7
39631	0	6	0	7
39631	0	6	1	7
39631	0	6	2	7
39631	0	6	3	7
39631	0	6	4	7
39631	0	6	5	7
39631	0	6	6	7
39631	0	6	7	7
39631	0	6	8	7
39631	0	7	-6	7
39631	0	7	-5	7
39631	0	7	-4	7
39631	0	7	-3	7
39631	0	7	-2	7
39631	0	7	-1	7
39631	0	7	0	7
39631	0	7	1	7
39631	0	7	2	7
39631	0	7	3	7
39631	0	7	4	7
39631	0	7	5	7
39631	0	7	6	7
39631	0	7	8	7
39631	0	8	-6	7
39631	0	8	-5	7
39631	0	8	-4	7
39631	0	8	-3	7
39631	0	8	-2	7
39631	0	8	-1	7
39631	0	8	0	7
39631	0	8	1	7
39631	0	8	2	7
39631	0	8	3	7
39631	0	8	4	7
39631	0	8	5	7
39631	0	8	6	7
39631	0	8	7	7
39631	0	8	8	7
39630	0	8	9	7
39635	0	9	-7	7
39634	0	9	-6	7
39634	0	9	-5	7
39634	0	9	-4	7
39634	0	9	-3	7
39634	0	9	-2	7
39634	0	9	-1	7
39634	0	9	0	7
39634	0	9	1	7
39634	0	9	2	7
39634	0	9	3	7
39634	0	9	4	7
39634	0	9	5	7
39634	0	9	6	7
39634	0	9	7	7
39634	0	9	8	7
39633	0	9	9	7
39629	0	-7	-7	27
39628	0	-7	-6	27
39628	0	-7	-5	27
39628	0	-7	-4	27
39628	0	-7	-3	27
39628	0	-7	-2	27
39628	0	-7	-1	27
39628	0	-7	0	27
39628	0	-7	1	27
39628	0	-7	2	27
39628	0	-7	3	27
39628	0	-7	4	27
39628	0	-7	5	27
39628	0	-7	6	27
39628	0	-7	7	27
39628	0	-7	8	27
39627	0	-7	9	27
39632	0	-6	-7	27
39631	0	-6	-6	27
39631	0	-6	-5	27
39631	0	-6	-4	27
39631	0	-6	-3	27
39631	0	-6	-2	27
39631	0	-6	-1	27
39631	0	-6	0	27
39631	0	-6	1	27
39631	0	-6	2	27
39631	0	-6	3	27
39631	0	-6	4	27
39631	0	-6	5	27
39631	0	-6	6	27
39631	0	-6	7	27
39631	0	-6	8	27
39630	0	-6	9	27
39632	0	-5	-7	27
39631	0	-5	-6	27
39631	0	-5	-5	27
39631	0	-5	-4	27
39631	0	-5	-3	27
39631	0	-5	-2	27
39631	0	-5	-1	27
39631	0	-5	0	27
39631	0	-5	1	27
39631	0	-5	2	27
39631	0	-5	3	27
39631	0	-5	4	27
39631	0	-5	5	27
39631	0	-5	6	27
39631	0	-5	7	27
39631	0	-5	8	27
39630	0	-5	9	27
39632	0	-4	-7	27
39631	0	-4	-6	27
39631	0	-4	-5	27
39631	0	-4	-4	27
39631	0	-4	-3	27
39631	0	-4	-2	27
39631	0	-4	-1	27
39631	0	-4	0	27
39631	0	-4	1	27
39631	0	-4	2	27
39631	0	-4	3	27
39631	0	-4	4	27
39631	0	-4	5	27
39631	0	-4	6	27
39631	0	-4	7	27
39631	0	-4	8	27
39630	0	-4	9	27
39632	0	-3	-7	27
39631	0	-3	-6	27
39631	0	-3	-5	27
39631	0	-3	-4	27
39631	0	-3	-3	27
39631	0	-3	-2	27
39631	0	-3	-1	27
39631	0	-3	0	27
39631	0	-3	1	27
39631	0	-3	2	27
39631	0	-3	3	27
39631	0	-3	4	27
39631	0	-3	5	27
39631	0	-3	6	27
39631	0	-3	7	27
39631	0	-3	8	27
39630	0	-3	9	27
39632	0	-2	-7	27
39631	0	-2	-6	27
39631	0	-2	-5	27
39631	0	-2	-4	27
39631	0	-2	-3	27
39631	0	-2	-2	27
39631	0	-2	-1	27
39631	0	-2	0	27
39631	0	-2	1	27
39631	0	-2	2	27
39631	0	-2	3	27
39631	0	-2	4	27
39631	0	-2	5	27
39631	0	-2	6	27
39631	0	-2	7	27
39631	0	-2	8	27
39630	0	-2	9	27
39632	0	-1	-7	27
39631	0	-1	-6	27
39631	0	-1	-5	27
39631	0	-1	-4	27
39631	0	-1	-3	27
39631	0	-1	-2	27
39631	0	-1	-1	27
39631	0	-1	0	27
39631	0	-1	1	27
39631	0	-1	2	27
39631	0	-1	3	27
39631	0	-1	4	27
39631	0	-1	5	27
39631	0	-1	6	27
39631	0	-1	7	27
39631	0	-1	8	27
39630	0	-1	9	27
39632	0	0	-7	27
39631	0	0	-6	27
39631	0	0	-5	27
39631	0	0	-4	27
39631	0	0	-3	27
39631	0	0	-2	27
39631	0	0	-1	27
39631	0	0	0	27
39631	0	0	1	27
39631	0	0	2	27
39631	0	0	3	27
39631	0	0	4	27
39631	0	0	5	27
39631	0	0	6	27
39631	0	0	7	27
39631	0	0	8	27
39630	0	0	9	27
39632	0	1	-7	27
39631	0	1	-6	27
39631	0	1	-5	27
39631	0	1	-4	27
39631	0	1	-3	27
39631	0	1	-2	27
39631	0	1	-1	27
39631	0	1	0	27
39631	0	1	1	27
39631	0	1	2	27
39631	0	1	3	27
39631	0	1	4	27
39631	0	1	5	27
39631	0	1	6	27
39631	0	1	7	27
39631	0	1	8	27
39630	0	1	9	27
39632	0	2	-7	27
39631	0	2	-6	27
39631	0	2	-5	27
39631	0	2	-4	27
39631	0	2	-3	27
39631	0	2	-2	27
39631	0	2	-1	27
39631	0	2	0	27
39631	0	2	1	27
39631	0	2	2	27
39631	0	2	3	27
39631	0	2	4	27
39631	0	2	5	27
39631	0	2	6	27
39631	0	2	7	27
39631	0	2	8	27
39630	0	2	9	27
39632	0	3	-7	27
39631	0	3	-6	27
39631	0	3	-5	27
39631	0	3	-4	27
39631	0	3	-3	27
39631	0	3	-2	27
39631	0	3	-1	27
39631	0	3	0	27
39631	0	3	1	27
39631	0	3	2	27
39631	0	3	3	27
39631	0	3	4	27
39631	0	3	5	27
39631	0	3	6	27
39631	0	3	7	27
39631	0	3	8	27
39630	0	3	9	27
39632	0	4	-7	27
39631	0	4	-6	27
39631	0	4	-5	27
39631	0	4	-4	27
39631	0	4	-3	27
39631	0	4	-2	27
39631	0	4	-1	27
39631	0	4	0	27
39631	0	4	1	27
39631	0	4	2	27
39631	0	4	3	27
39631	0	4	4	27
39631	0	4	5	27
39631	0	4	6	27
39631	0	4	7	27
39631	0	4	8	27
39630	0	4	9	27
39632	0	5	-7	27
39631	0	5	-6	27
39631	0	5	-5	27
39631	0	5	-4	27
39631	0	5	-3	27
39631	0	5	-2	27
39631	0	5	-1	27
39631	0	5	0	27
39631	0	5	1	27
39631	0	5	2	27
39631	0	5	3	27
39631	0	5	4	27
39631	0	5	5	27
39631	0	5	6	27
39631	0	5	7	27
39631	0	5	8	27
39630	0	5	9	27
39632	0	6	-7	27
39631	0	6	-6	27
39631	0	6	-5	27
39631	0	6	-4	27
39631	0	6	-3	27
39631	0	6	-2	27
39631	0	6	-1	27
39631	0	6	0	27
39631	0	6	1	27
39631	0	6	2	27
39631	0	6	3	27
39631	0	6	4	27
39631	0	6	5	27
39631	0	6	6	27
39631	0	6	7	27
39631	0	6	8	27
39630	0	6	9	27
39631	0	7	-6	27
39631	0	7	-5	27
39631	0	7	-4	27
39631	0	7	-3	27
39631	0	7	-2	27
39631	0	7	-1	27
39631	0	7	0	27
39631	0	7	1	27
39631	0	7	2	27
39631	0	7	3	27
39631	0	7	4	27
39631	0	7	5	27
39631	0	7	6	27
39631	0	7	7	27
39631	0	7	8	27
39630	0	7	9	27
39632	0	8	-7	27
39631	0	8	-6	27
39631	0	8	-5	27
39631	0	8	-4	27
39631	0	8	-3	27
39631	0	8	-2	27
39631	0	8	-1	27
39631	0	8	0	27
39631	0	8	1	27
39631	0	8	2	27
39631	0	8	3	27
39631	0	8	4	27
39631	0	8	5	27
39631	0	8	6	27
39631	0	8	7	27
39631	0	8	8	27
39630	0	8	9	27
39635	0	9	-7	27
39634	0	9	-6	27
39634	0	9	-5	27
39634	0	9	-4	27
39634	0	9	-3	27
39634	0	9	-2	27
39634	0	9	-1	27
39634	0	9	0	27
39634	0	9	1	27
39634	0	9	2	27
39634	0	9	3	27
39634	0	9	4	27
39634	0	9	5	27
39634	0	9	6	27
39634	0	9	7	27
39634	0	9	8	27
39633	0	9	9	27
39629	0	-7	-7	47
39628	0	-7	-6	47
39628	0	-7	-5	47
39628	0	-7	-4	47
39628	0	-7	-3	47
39628	0	-7	-2	47
39628	0	-7	-1	47
39628	0	-7	0	47
39628	0	-7	1	47
39628	0	-7	2	47
39628	0	-7	3	47
39628	0	-7	4	47
39628	0	-7	5	47
39628	0	-7	6	47
39628	0	-7	7	47
39628	0	-7	8	47
39627	0	-7	9	47
39632	0	-6	-7	47
39631	0	-6	-6	47
39631	0	-6	-5	47
39631	0	-6	-4	47
39631	0	-6	-3	47
39631	0	-6	-2	47
39631	0	-6	-1	47
39631	0	-6	0	47
39631	0	-6	1	47
39631	0	-6	2	47
39631	0	-6	3	47
39631	0	-6	4	47
39631	0	-6	5	47
39631	0	-6	6	47
39631	0	-6	7	47
39631	0	-6	8	47
39630	0	-6	9	47
39632	0	-5	-7	47
39631	0	-5	-6	47
39631	0	-5	-5	47
39631	0	-5	-4	47
39631	0	-5	-3	47
39631	0	-5	-2	47
39631	0	-5	-1	47
39631	0	-5	0	47
39631	0	-5	1	47
39631	0	-5	2	47
39631	0	-5	3	47
39631	0	-5	4	47
39631	0	-5	5	47
39631	0	-5	6	47
39631	0	-5	7	47
39631	0	-5	8	47
39630	0	-5	9	47
39632	0	-4	-7	47
39631	0	-4	-6	47
39631	0	-4	-5	47
39631	0	-4	-4	47
39631	0	-4	-3	47
39631	0	-4	-2	47
39631	0	-4	-1	47
39631	0	-4	0	47
39631	0	-4	1	47
39631	0	-4	2	47
39631	0	-4	3	47
39631	0	-4	4	47
39631	0	-4	5	47
39631	0	-4	6	47
39631	0	-4	7	47
39631	0	-4	8	47
39630	0	-4	9	47
39632	0	-3	-7	47
39631	0	-3	-6	47
39631	0	-3	-5	47
39631	0	-3	-4	47
39631	0	-3	-3	47
39631	0	-3	-2	47
39631	0	-3	-1	47
39631	0	-3	0	47
39631	0	-3	1	47
39631	0	-3	2	47
39631	0	-3	3	47
39631	0	-3	4	47
39631	0	-3	5	47
39631	0	-3	6	47
39631	0	-3	7	47
39631	0	-3	8	47
39630	0	-3	9	47
39632	0	-2	-7	47
39631	0	-2	-6	47
39631	0	-2	-5	47
39631	0	-2	-4	47
39631	0	-2	-3	47
39631	0	-2	-2	47
39631	0	-2	-1	47
39631	0	-2	0	47
39631	0	-2	1	47
39631	0	-2	2	47
39631	0	-2	3	47
39631	0	-2	4	47
39631	0	-2	5	47
39631	0	-2	6	47
39631	0	-2	7	47
39631	0	-2	8	47
39630	0	-2	9	47
39632	0	-1	-7	47
39631	0	-1	-6	47
39631	0	-1	-5	47
39631	0	-1	-4	47
39631	0	-1	-3	47
39631	0	-1	-2	47
39631	0	-1	-1	47
39631	0	-1	0	47
39631	0	-1	1	47
39631	0	-1	2	47
39631	0	-1	3	47
39631	0	-1	4	47
39631	0	-1	5	47
39631	0	-1	6	47
39631	0	-1	7	47
39631	0	-1	8	47
39630	0	-1	9	47
39632	0	0	-7	47
39631	0	0	-6	47
39631	0	0	-5	47
39631	0	0	-4	47
39631	0	0	-3	47
39631	0	0	-2	47
39631	0	0	-1	47
39631	0	0	0	47
39631	0	0	1	47
39631	0	0	2	47
39631	0	0	3	47
39631	0	0	4	47
39631	0	0	5	47
39631	0	0	6	47
39631	0	0	7	47
39631	0	0	8	47
39630	0	0	9	47
39632	0	1	-7	47
39631	0	1	-6	47
39631	0	1	-5	47
39631	0	1	-4	47
39631	0	1	-3	47
39631	0	1	-2	47
39631	0	1	-1	47
39631	0	1	0	47
39631	0	1	1	47
39631	0	1	2	47
39631	0	1	3	47
39631	0	1	4	47
39631	0	1	5	47
39631	0	1	6	47
39631	0	1	7	47
39631	0	1	8	47
39630	0	1	9	47
39632	0	2	-7	47
39631	0	2	-6	47
39631	0	2	-5	47
39631	0	2	-4	47
39631	0	2	-3	47
39631	0	2	-2	47
39631	0	2	-1	47
39631	0	2	0	47
39631	0	2	1	47
39631	0	2	2	47
39631	0	2	3	47
39631	0	2	4	47
39631	0	2	5	47
39631	0	2	6	47
39631	0	2	7	47
39631	0	2	8	47
39630	0	2	9	47
39632	0	3	-7	47
39631	0	3	-6	47
39631	0	3	-5	47
39631	0	3	-4	47
39631	0	3	-3	47
39631	0	3	-2	47
39631	0	3	-1	47
39631	0	3	0	47
39631	0	3	1	47
39631	0	3	2	47
39631	0	3	3	47
39631	0	3	4	47
39631	0	3	5	47
39631	0	3	6	47
39631	0	3	7	47
39631	0	3	8	47
39630	0	3	9	47
39632	0	4	-7	47
39631	0	4	-6	47
39631	0	4	-5	47
39631	0	4	-4	47
39631	0	4	-3	47
39631	0	4	-2	47
39631	0	4	-1	47
39631	0	4	0	47
39631	0	4	1	47
39631	0	4	2	47
39631	0	4	3	47
39631	0	4	4	47
39631	0	4	5	47
39631	0	4	6	47
39631	0	4	7	47
39631	0	4	8	47
39630	0	4	9	47
39632	0	5	-7	47
39631	0	5	-6	47
39631	0	5	-5	47
39631	0	5	-4	47
39631	0	5	-3	47
39631	0	5	-2	47
39631	0	5	-1	47
39631	0	5	0	47
39631	0	5	1	47
39631	0	5	2	47
39631	0	5	3	47
39631	0	5	4	47
39631	0	5	5	47
39631	0	5	6	47
39631	0	5	7	47
39631	0	5	8	47
39630	0	5	9	47
39632	0	6	-7	47
39631	0	6	-6	47
39631	0	6	-5	47
39631	0	6	-4	47
39631	0	6	-3	47
39631	0	6	-2	47
39631	0	6	-1	47
39631	0	6	0	47
39631	0	6	1	47
39631	0	6	2	47
39631	0	6	3	47
39631	0	6	4	47
39631	0	6	5	47
39631	0	6	6	47
39631	0	6	7	47
39631	0	6	8	47
39630	0	6	9	47
39632	0	7	-7	47
39631	0	7	-6	47
39631	0	7	-5	47
39631	0	7	-4	47
39631	0	7	-3	47
39631	0	7	-2	47
39631	0	7	-1	47
39631	0	7	0	47
39631	0	7	1	47
39631	0	7	2	47
39631	0	7	3	47
39631	0	7	4	47
39631	0	7	5	47
39631	0	7	6	47
39631	0	7	7	47
39631	0	7	8	47
39630	0	7	9	47
39631	0	8	-6	47
39631	0	8	-5	47
39631	0	8	-4	47
39631	0	8	-3	47
39631	0	8	-2	47
39631	0	8	-1	47
39631	0	8	0	47
39631	0	8	1	47
39631	0	8	2	47
39631	0	8	3	47
39631	0	8	4	47
39631	0	8	5	47
39631	0	8	6	47
39631	0	8	7	47
39631	0	8	8	47
39630	0	8	9	47
39635	0	9	-7	47
39634	0	9	-6	47
39634	0	9	-5	47
39634	0	9	-4	47
39634	0	9	-3	47
39634	0	9	-2	47
39634	0	9	-1	47
39634	0	9	0	47
39634	0	9	1	47
39634	0	9	2	47
39634	0	9	3	47
39634	0	9	4	47
39634	0	9	5	47
39634	0	9	6	47
39634	0	9	7	47
39634	0	9	8	47
39633	0	9	9	47
17211	0	-7	-7	67
17211	0	-7	-6	67
17211	0	-7	-5	67
17211	0	-7	-4	67
17211	0	-7	-3	67
17211	0	-7	-2	67
17211	0	-7	-1	67
17211	0	-7	0	67
17211	0	-7	1	67
17211	0	-7	2	67
17211	0	-7	3	67
17211	0	-7	4	67
17211	0	-7	5	67
17211	0	-7	6	67
17211	0	-7	7	67
17211	0	-7	8	67
17211	0	-7	9	67
17211	0	-6	-7	67
17211	0	-6	-6	67
17211	0	-6	-5	67
17211	0	-6	-4	67
17211	0	-6	-3	67
17211	0	-6	-2	67
17211	0	-6	-1	67
17211	0	-6	0	67
17211	0	-6	1	67
17211	0	-6	2	67
17211	0	-6	3	67
17211	0	-6	4	67
17211	0	-6	5	67
17211	0	-6	6	67
17211	0	-6	7	67
17211	0	-6	8	67
17211	0	-6	9	67
17211	0	-5	-7	67
17211	0	-5	-6	67
17211	0	-5	-5	67
17211	0	-5	-4	67
17211	0	-5	-3	67
17211	0	-5	-2	67
17211	0	-5	-1	67
17211	0	-5	0	67
17211	0	-5	1	67
17211	0	-5	2	67
17211	0	-5	3	67
17211	0	-5	4	67
17211	0	-5	5	67
17211	0	-5	6	67
17211	0	-5	7	67
17211	0	-5	8	67
17211	0	-5	9	67
17211	0	-4	-7	67
17211	0	-4	-6	67
17211	0	-4	-5	67
17211	0	-4	-4	67
17211	0	-4	-3	67
17211	0	-4	-2	67
17211	0	-4	-1	67
17211	0	-4	0	67
17211	0	-4	1	67
17211	0	-4	2	67
17211	0	-4	3	67
17211	0	-4	4	67
17211	0	-4	5	67
17211	0	-4	6	67
17211	0	-4	7	67
17211	0	-4	8	67
17211	0	-4	9	67
17211	0	-3	-7	67
17211	0	-3	-6	67
17211	0	-3	-5	67
17211	0	-3	-4	67
17211	0	-3	-3	67
17211	0	-3	-2	67
17211	0	-3	-1	67
17211	0	-3	0	67
17211	0	-3	1	67
17211	0	-3	2	67
17211	0	-3	3	67
17211	0	-3	4	67
17211	0	-3	5	67
17211	0	-3	6	67
17211	0	-3	7	67
17211	0	-3	8	67
17211	0	-3	9	67
17211	0	-2	-7	67
17211	0	-2	-6	67
17211	0	-2	-5	67
17211	0	-2	-4	67
17211	0	-2	-3	67
17211	0	-2	-2	67
17211	0	-2	-1	67
17211	0	-2	0	67
17211	0	-2	1	67
17211	0	-2	2	67
17211	0	-2	3	67
17211	0	-2	4	67
17211	0	-2	5	67
17211	0	-2	6	67
17211	0	-2	7	67
17211	0	-2	8	67
17211	0	-2	9	67
17211	0	-1	-7	67
17211	0	-1	-6	67
17211	0	-1	-5	67
17211	0	-1	-4	67
17211	0	-1	-3	67
17211	0	-1	-2	67
17211	0	-1	-1	67
17211	0	-1	0	67
17211	0	-1	1	67
17211	0	-1	2	67
17211	0	-1	3	67
17211	0	-1	4	67
17211	0	-1	5	67
17211	0	-1	6	67
17211	0	-1	7	67
17211	0	-1	8	67
17211	0	-1	9	67
17211	0	0	-7	67
17211	0	0	-6	67
17211	0	0	-5	67
17211	0	0	-4	67
17211	0	0	-3	67
17211	0	0	-2	67
17211	0	0	-1	67
17211	0	0	1	67
17211	0	0	2	67
17211	0	0	3	67
17211	0	0	4	67
17211	0	0	5	67
17211	0	0	6	67
17211	0	0	7	67
17211	0	0	8	67
17211	0	0	9	67
17211	0	1	-7	67
17211	0	1	-6	67
17211	0	1	-5	67
17211	0	1	-4	67
17211	0	1	-3	67
17211	0	1	-2	67
17211	0	1	-1	67
17211	0	1	0	67
17211	0	1	1	67
17211	0	1	2	67
17211	0	1	3	67
17211	0	1	4	67
17211	0	1	5	67
17211	0	1	6	67
17211	0	1	7	67
17211	0	1	8	67
17211	0	1	9	67
17211	0	2	-7	67
17211	0	2	-6	67
17211	0	2	-5	67
17211	0	2	-4	67
17211	0	2	-3	67
17211	0	2	-2	67
17211	0	2	-1	67
17211	0	2	0	67
17211	0	2	1	67
17211	0	2	2	67
17211	0	2	3	67
17211	0	2	4	67
17211	0	2	5	67
17211	0	2	6	67
17211	0	2	7	67
17211	0	2	8	67
17211	0	2	9	67
17211	0	3	-7	67
17211	0	3	-6	67
17211	0	3	-5	67
17211	0	3	-4	67
17211	0	3	-3	67
17211	0	3	-2	67
17211	0	3	-1	67
17211	0	3	0	67
17211	0	3	1	67
17211	0	3	2	67
17211	0	3	3	67
17211	0	3	4	67
17211	0	3	5	67
17211	0	3	6	67
17211	0	3	7	67
17211	0	3	8	67
17211	0	3	9	67
17211	0	4	-7	67
17211	0	4	-6	67
17211	0	4	-5	67
17211	0	4	-4	67
17211	0	4	-3	67
17211	0	4	-2	67
17211	0	4	-1	67
17211	0	4	0	67
17211	0	4	1	67
17211	0	4	2	67
17211	0	4	3	67
17211	0	4	4	67
17211	0	4	5	67
17211	0	4	6	67
17211	0	4	7	67
17211	0	4	8	67
17211	0	4	9	67
17211	0	5	-7	67
17211	0	5	-6	67
17211	0	5	-5	67
17211	0	5	-4	67
17211	0	5	-3	67
17211	0	5	-2	67
17211	0	5	-1	67
17211	0	5	0	67
17211	0	5	1	67
17211	0	5	2	67
17211	0	5	3	67
17211	0	5	4	67
17211	0	5	5	67
17211	0	5	6	67
17211	0	5	7	67
17211	0	5	8	67
17211	0	5	9	67
17211	0	6	-7	67
17211	0	6	-6	67
17211	0	6	-5	67
17211	0	6	-4	67
17211	0	6	-3	67
17211	0	6	-2	67
17211	0	6	-1	67
17211	0	6	0	67
17211	0	6	1	67
17211	0	6	2	67
17211	0	6	3	67
17211	0	6	4	67
17211	0	6	5	67
17211	0	6	6	67
17211	0	6	7	67
17211	0	6	8	67
17211	0	6	9	67
17211	0	7	-7	67
17211	0	7	-6	67
17211	0	7	-5	67
17211	0	7	-4	67
17211	0	7	-3	67
17211	0	7	-2	67
17211	0	7	-1	67
17211	0	7	0	67
17211	0	7	1	67
17211	0	7	2	67
17211	0	7	3	67
17211	0	7	4	67
17211	0	7	5	67
17211	0	7	6	67
17211	0	7	8	67
17211	0	7	9	67
17211	0	8	-7	67
17211	0	8	-6	67
17211	0	8	-5	67
17211	0	8	-4	67
17211	0	8	-3	67
17211	0	8	-2	67
17211	0	8	-1	67
17211	0	8	0	67
17211	0	8	1	67
17211	0	8	2	67
17211	0	8	3	67
17211	0	8	4	67
17211	0	8	5	67
17211	0	8	6	67
17211	0	8	7	67
17211	0	8	8	67
17211	0	8	9	67
17211	0	9	-7	67
17211	0	9	-6	67
17211	0	9	-5	67
17211	0	9	-4	67
17211	0	9	-3	67
17211	0	9	-2	67
17211	0	9	-1	67
17211	0	9	0	67
17211	0	9	1	67
17211	0	9	2	67
17211	0	9	3	67
17211	0	9	4	67
17211	0	9	5	67
17211	0	9	6	67
17211	0	9	7	67
17211	0	9	8	67
17211	0	9	9	67
17190	0	-8	-8	7
17226	0	-8	-7	7
17226	0	-8	-6	7
17226	0	-8	-5	7
17226	0	-8	-4	7
17226	0	-8	-3	7
17226	0	-8	-2	7
17226	0	-8	-1	7
17226	0	-8	0	7
17226	0	-8	1	7
17226	0	-8	2	7
17226	0	-8	3	7
17226	0	-8	4	7
17226	0	-8	5	7
17226	0	-8	6	7
17226	0	-8	7	7
17226	0	-8	8	7
17226	0	-8	9	7
17227	0	-7	-8	7
17227	0	-7	3	7
17190	0	-7	8	7
17354	0	-7	9	7
17227	0	-6	-8	7
17227	0	-6	3	7
17227	0	-6	8	7
17227	0	-5	-8	7
17227	0	-5	3	7
17226	0	-5	5	7
17226	0	-5	6	7
17226	0	-5	7	7
17354	0	-5	8	7
17226	0	-5	9	7
17227	0	-4	-8	7
17227	0	-4	9	7
17227	0	-3	-8	7
17227	0	-3	9	7
17227	0	-2	-8	7
17227	0	-2	9	7
17227	0	-1	-8	7
17227	0	-1	9	7
17227	0	0	-8	7
17227	0	0	9	7
17227	0	1	-8	7
17227	0	1	9	7
17227	0	2	-8	7
17227	0	2	9	7
17227	0	3	-8	7
17227	0	3	9	7
17227	0	4	-8	7
17190	0	4	8	7
17354	0	4	9	7
17227	0	5	-8	7
17227	0	5	8	7
17227	0	6	-8	7
17227	0	6	8	7
17227	0	7	-8	7
17227	0	7	8	7
17227	0	8	-8	7
17227	0	8	8	7
17226	0	8	9	7
17227	0	9	-8	7
17226	0	9	-7	7
17226	0	9	-6	7
17226	0	9	-5	7
17226	0	9	-4	7
17226	0	9	-3	7
17226	0	9	-2	7
17226	0	9	-1	7
17226	0	9	0	7
17226	0	9	1	7
17226	0	9	2	7
17226	0	9	3	7
17226	0	9	4	7
17226	0	9	5	7
17226	0	9	6	7
17226	0	9	7	7
17226	0	9	8	7
17354	0	9	9	7
17190	0	-8	-8	27
17226	0	-8	-7	27
17226	0	-8	-6	27
17226	0	-8	-5	27
17226	0	-8	-4	27
17226	0	-8	-3	27
17226	0	-8	-2	27
17226	0	-8	-1	27
17226	0	-8	0	27
17226	0	-8	1	27
17226	0	-8	2	27
17226	0	-8	3	27
17226	0	-8	4	27
17226	0	-8	5	27
17226	0	-8	6	27
17226	0	-8	7	27
17226	0	-8	8	27
17226	0	-8	9	27
17227	0	-7	-8	27
17227	0	-7	9	27
17227	0	-6	-8	27
17227	0	-6	9	27
17227	0	-5	-8	27
17227	0	-5	9	27
17227	0	-4	-8	27
17227	0	-4	9	27
17227	0	-3	-8	27
17227	0	-3	9	27
17227	0	-2	-8	27
17227	0	-2	9	27
17227	0	-1	-8	27
17227	0	-1	9	27
17227	0	0	-8	27
17227	0	0	9	27
17227	0	1	-8	27
17227	0	1	9	27
17227	0	2	-8	27
17227	0	2	9	27
17227	0	3	-8	27
17227	0	3	9	27
17227	0	4	-8	27
17227	0	4	9	27
17227	0	5	-8	27
17227	0	5	9	27
17227	0	6	-8	27
17227	0	6	9	27
17227	0	7	-8	27
17227	0	7	9	27
17227	0	8	-8	27
17227	0	8	9	27
17227	0	9	-8	27
17226	0	9	-7	27
17226	0	9	-6	27
17226	0	9	-5	27
17226	0	9	-4	27
17226	0	9	-3	27
17226	0	9	-2	27
17226	0	9	-1	27
17226	0	9	0	27
17226	0	9	1	27
17226	0	9	2	27
17226	0	9	3	27
17226	0	9	4	27
17226	0	9	5	27
17226	0	9	6	27
17226	0	9	7	27
17226	0	9	8	27
17354	0	9	9	27
17190	0	-8	-8	47
17226	0	-8	-7	47
17226	0	-8	-6	47
17226	0	-8	-5	47
17226	0	-8	-4	47
17226	0	-8	-3	47
17226	0	-8	-2	47
17226	0	-8	-1	47
17226	0	-8	0	47
17226	0	-8	1	47
17226	0	-8	2	47
17226	0	-8	3	47
17226	0	-8	4	47
17226	0	-8	5	47
17226	0	-8	6	47
17226	0	-8	7	47
17226	0	-8	8	47
17226	0	-8	9	47
17227	0	-7	-8	47
17227	0	-7	9	47
17227	0	-6	-8	47
17227	0	-6	9	47
17227	0	-5	-8	47
17227	0	-5	9	47
17227	0	-4	-8	47
17227	0	-4	9	47
17227	0	-3	-8	47
17227	0	-3	9	47
17227	0	-2	-8	47
17227	0	-2	9	47
17227	0	-1	-8	47
17227	0	-1	9	47
17227	0	0	-8	47
17227	0	0	9	47
17227	0	1	-8	47
17227	0	1	9	47
17227	0	2	-8	47
17227	0	2	9	47
17227	0	3	-8	47
17227	0	3	9	47
17227	0	4	-8	47
17227	0	4	9	47
17227	0	5	-8	47
17227	0	5	9	47
17227	0	6	-8	47
17227	0	6	9	47
17227	0	7	-8	47
17227	0	7	9	47
17227	0	8	-8	47
17227	0	8	9	47
17227	0	9	-8	47
17226	0	9	-7	47
17226	0	9	-6	47
17226	0	9	-5	47
17226	0	9	-4	47
17226	0	9	-3	47
17226	0	9	-2	47
17226	0	9	-1	47
17226	0	9	0	47
17226	0	9	1	47
17226	0	9	2	47
17226	0	9	3	47
17226	0	9	4	47
17226	0	9	5	47
17226	0	9	6	47
17226	0	9	7	47
17226	0	9	8	47
17354	0	9	9	47
17191	0	-8	-8	67
17224	0	-8	-7	67
17224	0	-8	-6	67
17224	0	-8	-5	67
17224	0	-8	-4	67
17224	0	-8	-3	67
17224	0	-8	-2	67
17224	0	-8	-1	67
17224	0	-8	0	67
17224	0	-8	1	67
17224	0	-8	2	67
17224	0	-8	3	67
17224	0	-8	4	67
17224	0	-8	5	67
17224	0	-8	6	67
17224	0	-8	7	67
17224	0	-8	8	67
17224	0	-8	9	67
17225	0	-7	-8	67
17225	0	-7	9	67
17225	0	-6	-8	67
17225	0	-6	9	67
17225	0	-5	-8	67
17225	0	-5	9	67
17225	0	-4	-8	67
17225	0	-4	9	67
17225	0	-3	-8	67
17225	0	-3	9	67
17225	0	-2	-8	67
17225	0	-2	9	67
17225	0	-1	-8	67
17224	0	-1	0	67
17224	0	-1	1	67
17225	0	-1	9	67
17225	0	0	-8	67
17225	0	0	-1	67
17225	0	0	1	67
17225	0	0	9	67
17225	0	1	-8	67
17225	0	1	-1	67
17224	0	1	0	67
17358	0	1	1	67
17225	0	1	9	67
17225	0	2	-8	67
17225	0	2	9	67
17225	0	3	-8	67
17225	0	3	9	67
17225	0	4	-8	67
17225	0	4	9	67
17225	0	5	-8	67
17225	0	5	9	67
17225	0	6	-8	67
17225	0	6	9	67
17225	0	7	-8	67
17225	0	7	9	67
17225	0	8	-8	67
17225	0	8	9	67
17225	0	9	-8	67
17224	0	9	-7	67
17224	0	9	-6	67
17224	0	9	-5	67
17224	0	9	-4	67
17224	0	9	-3	67
17224	0	9	-2	67
17224	0	9	-1	67
17224	0	9	0	67
17224	0	9	1	67
17224	0	9	2	67
17224	0	9	3	67
17224	0	9	4	67
17224	0	9	5	67
17224	0	9	6	67
17224	0	9	7	67
17224	0	9	8	67
17358	0	9	9	67
